       1  0.5033365E-004  0.4795017E-003  0.8544527E-003  0.1510940E-006  0.7546620E-004  0.1170042E-005  0.3880970E-004
    1000  0.2205835E-003  0.1434723E-002  0.1074311E-002  0.3762215E-005  0.4624568E-003  0.4798724E-005  0.2107483E-003
    2000  0.2735864E-004  0.2852741E-003  0.6879018E-004  0.4070114E-005  0.5475525E-004  0.3775924E-005  0.9238073E-004
    3000  0.1486583E-004  0.1786328E-003  0.3785665E-004  0.3608624E-005  0.3377972E-004  0.2677229E-005  0.3862084E-004
    4000  0.1116305E-004  0.1435539E-003  0.3278759E-004  0.3461975E-005  0.2716894E-004  0.1993333E-005  0.2012990E-004
    5000  0.7181601E-005  0.1127043E-003  0.2058217E-004  0.3412703E-005  0.1843756E-004  0.1419625E-005  0.1121946E-004
    6000  0.5189785E-005  0.8245284E-004  0.1692183E-004  0.3570015E-005  0.1377924E-004  0.9233318E-006  0.6186064E-005
    7000  0.4233743E-005  0.5558998E-004  0.1240479E-004  0.3693922E-005  0.1094038E-004  0.5413239E-006  0.3323456E-005
    8000  0.3669748E-005  0.3731362E-004  0.8744741E-005  0.3512666E-005  0.9362051E-005  0.3101891E-006  0.2002707E-005
    9000  0.3282407E-005  0.2577289E-004  0.6352080E-005  0.3460466E-005  0.8452705E-005  0.1841503E-006  0.1334932E-005
   10000  0.3090839E-005  0.1839315E-004  0.4624007E-005  0.3771798E-005  0.7993750E-005  0.1144200E-006  0.9081199E-006
   11000  0.2961320E-005  0.1358104E-004  0.3458067E-005  0.3508554E-005  0.7743376E-005  0.7582032E-007  0.6153144E-006
   12000  0.2907669E-005  0.1027106E-004  0.2823818E-005  0.3302341E-005  0.7613304E-005  0.5332915E-007  0.4017400E-006
   13000  0.2884462E-005  0.8262145E-005  0.2452379E-005  0.3075403E-005  0.7559367E-005  0.3921842E-007  0.2503219E-006
   14000  0.2870345E-005  0.6785093E-005  0.2255312E-005  0.3165235E-005  0.7526756E-005  0.2971752E-007  0.1453027E-006
   15000  0.2845205E-005  0.5570020E-005  0.2199410E-005  0.2980736E-005  0.7467196E-005  0.2274238E-007  0.9320546E-007
   16000  0.2836971E-005  0.4585025E-005  0.2165034E-005  0.3187000E-005  0.7448163E-005  0.1757776E-007  0.6573907E-007
   17000  0.2837892E-005  0.3805844E-005  0.2149794E-005  0.3254740E-005  0.7449272E-005  0.1316089E-007  0.3990997E-007
   18000  0.2834712E-005  0.3246266E-005  0.2123759E-005  0.2552159E-005  0.7436844E-005  0.9505690E-008  0.2701296E-007
   19000  0.2831678E-005  0.2883257E-005  0.2118136E-005  0.2082126E-005  0.7431061E-005  0.6715736E-008  0.2136888E-007
   20000  0.2825154E-005  0.2658796E-005  0.2112697E-005  0.1909292E-005  0.7419505E-005  0.4565394E-008  0.2035500E-007
