  0.40049996E+01   0.26228769E+03
  0.36886058E+01   0.26228769E+03
  0.33986509E+01   0.26229474E+03
  0.31329253E+01   0.26229959E+03
  0.28894053E+01   0.26230447E+03
  0.26662350E+01   0.26230984E+03
  0.24617133E+01   0.26231549E+03
  0.22742829E+01   0.26232129E+03
  0.21025150E+01   0.26232684E+03
  0.19451010E+01   0.26233316E+03
  0.18008410E+01   0.26233954E+03
  0.16686360E+01   0.26234610E+03
  0.15474787E+01   0.26235284E+03
  0.14364458E+01   0.26236005E+03
  0.13346914E+01   0.26236728E+03
  0.12414399E+01   0.26237466E+03
  0.11559809E+01   0.26238235E+03
  0.10776635E+01   0.26239017E+03
  0.10058907E+01   0.26239828E+03
  0.94011539E+00   0.26240656E+03
  0.87983650E+00   0.26241483E+03
  0.82459491E+00   0.26242365E+03
  0.77396959E+00   0.26243256E+03
  0.72757477E+00   0.26244180E+03
  0.68505687E+00   0.26245096E+03
  0.64609188E+00   0.26246063E+03
  0.61038327E+00   0.26247049E+03
  0.57765841E+00   0.26248047E+03
  0.54766798E+00   0.26249063E+03
  0.52018398E+00   0.26250101E+03
  0.49499676E+00   0.26251154E+03
  0.47191402E+00   0.26252222E+03
  0.45076030E+00   0.26253296E+03
  0.43137431E+00   0.26254349E+03
  0.41360828E+00   0.26255414E+03
  0.39732692E+00   0.26256430E+03
  0.38240600E+00   0.26257468E+03
  0.36873195E+00   0.26258371E+03
  0.35620067E+00   0.26259369E+03
  0.34471652E+00   0.26260095E+03
  0.33419201E+00   0.26260956E+03
  0.32454678E+00   0.26261490E+03
  0.31570789E+00   0.26261832E+03
  0.30760741E+00   0.26261969E+03
  0.30018374E+00   0.26261899E+03
  0.29338071E+00   0.26261487E+03
  0.28714609E+00   0.26260657E+03
  0.28143236E+00   0.26259250E+03
  0.27619621E+00   0.26256500E+03
  0.27139759E+00   0.26254056E+03
  0.26699996E+00   0.26214981E+03
  0.26490456E+00   0.26215042E+03
  0.26234365E+00   0.26214865E+03
  0.25962156E+00   0.26214978E+03
  0.25673434E+00   0.26215067E+03
  0.25367624E+00   0.26214883E+03
  0.25044248E+00   0.26214294E+03
  0.24702649E+00   0.26215009E+03
  0.24342562E+00   0.26214987E+03
  0.23963766E+00   0.26215027E+03
  0.23566017E+00   0.26214981E+03
  0.23149221E+00   0.26214893E+03
  0.22713472E+00   0.26214981E+03
  0.22258836E+00   0.26214978E+03
  0.21785727E+00   0.26214758E+03
  0.21294482E+00   0.26214795E+03
  0.20785841E+00   0.26214920E+03
  0.20260422E+00   0.26214987E+03
  0.19719325E+00   0.26215063E+03
  0.19163451E+00   0.26215054E+03
  0.18594225E+00   0.26214990E+03
  0.18012878E+00   0.26215057E+03
  0.17421073E+00   0.26215088E+03
  0.16820368E+00   0.26215265E+03
  0.16212569E+00   0.26215399E+03
  0.15599535E+00   0.26215149E+03
  0.14983098E+00   0.26215134E+03
  0.14365369E+00   0.26215106E+03
  0.13748088E+00   0.26214996E+03
  0.13133463E+00   0.26215112E+03
  0.12523252E+00   0.26215173E+03
  0.11919439E+00   0.26215143E+03
  0.11323790E+00   0.26214987E+03
  0.10738009E+00   0.26215152E+03
  0.10163688E+00   0.26215222E+03
  0.96022956E-01   0.26215085E+03
  0.90551943E-01   0.26214920E+03
  0.85234322E-01   0.26214929E+03
  0.80081381E-01   0.26214456E+03
  0.75101256E-01   0.26214932E+03
  0.70300721E-01   0.26214978E+03
  0.65685675E-01   0.26215186E+03
  0.61259583E-01   0.26215308E+03
  0.57025000E-01   0.26215240E+03
  0.52982938E-01   0.26214984E+03
  0.49133271E-01   0.26215204E+03
  0.45474730E-01   0.26215048E+03
  0.42004988E-01   0.26215433E+03
  0.38720865E-01   0.26215256E+03
  0.35618395E-01   0.26215244E+03
  0.32692950E-01   0.26215271E+03
  0.29939342E-01   0.26214865E+03
  0.27351996E-01   0.26213766E+03
  0.24924986E-01   0.26215250E+03
  0.22652149E-01   0.26215326E+03
  0.20527173E-01   0.26215338E+03
  0.18543677E-01   0.26214828E+03
  0.16695278E-01   0.26215189E+03
  0.14975655E-01   0.26215616E+03
  0.13378622E-01   0.26215781E+03
  0.11898145E-01   0.26214996E+03
  0.10528393E-01   0.26215054E+03
  0.92638098E-02   0.26214606E+03
  0.80991071E-02   0.26214984E+03
  0.70293243E-02   0.26214893E+03
  0.60498407E-02   0.26215292E+03
  0.51564160E-02   0.26215170E+03
  0.43452117E-02   0.26215067E+03
  0.36127989E-02   0.26215005E+03
  0.29561750E-02   0.26215222E+03
  0.23727475E-02   0.26215146E+03
  0.18602831E-02   0.26215039E+03
  0.14168012E-02   0.26214868E+03
  0.10403838E-02   0.26215106E+03
  0.72889781E-03   0.26215146E+03
  0.47963322E-03   0.26215109E+03
  0.28894068E-03   0.26214987E+03
  0.15199384E-03   0.26215182E+03
  0.62802967E-04   0.26215335E+03
  0.14545063E-04   0.26215146E+03
  0.00000000E+00   0.26214981E+03
  0.14545063E-04   0.26215128E+03
  0.62802967E-04   0.26215332E+03
  0.15199384E-03   0.26215494E+03
  0.28894068E-03   0.26214908E+03
  0.47963322E-03   0.26215244E+03
  0.72889781E-03   0.26215222E+03
  0.10403838E-02   0.26215341E+03
  0.14168012E-02   0.26214569E+03
  0.18602831E-02   0.26215094E+03
  0.23727475E-02   0.26215204E+03
  0.29561750E-02   0.26215558E+03
  0.36127989E-02   0.26215570E+03
  0.43452117E-02   0.26214905E+03
  0.51564160E-02   0.26215021E+03
  0.60498407E-02   0.26215170E+03
  0.70293243E-02   0.26214810E+03
  0.80991071E-02   0.26214719E+03
  0.92638098E-02   0.26214114E+03
  0.10528393E-01   0.26214978E+03
  0.11898145E-01   0.26214999E+03
  0.13378622E-01   0.26215878E+03
  0.14975655E-01   0.26215381E+03
  0.16695278E-01   0.26215118E+03
  0.18543677E-01   0.26215079E+03
  0.20527173E-01   0.26215332E+03
  0.22652149E-01   0.26215234E+03
  0.24924986E-01   0.26215207E+03
  0.27351996E-01   0.26213657E+03
  0.29939342E-01   0.26215057E+03
  0.32692950E-01   0.26215283E+03
  0.35618395E-01   0.26215271E+03
  0.38720865E-01   0.26215521E+03
  0.42004988E-01   0.26215482E+03
  0.45474730E-01   0.26215216E+03
  0.49133271E-01   0.26215231E+03
  0.52982938E-01   0.26214807E+03
  0.57025000E-01   0.26215268E+03
  0.61259583E-01   0.26215329E+03
  0.65685675E-01   0.26215182E+03
  0.70300721E-01   0.26214920E+03
  0.75101256E-01   0.26214908E+03
  0.80081381E-01   0.26214453E+03
  0.85234322E-01   0.26214944E+03
  0.90551943E-01   0.26214883E+03
  0.96022956E-01   0.26215118E+03
  0.10163688E+00   0.26215231E+03
  0.10738009E+00   0.26215158E+03
  0.11323790E+00   0.26214987E+03
  0.11919439E+00   0.26215143E+03
  0.12523252E+00   0.26215228E+03
  0.13133463E+00   0.26215189E+03
  0.13748088E+00   0.26215070E+03
  0.14365369E+00   0.26215109E+03
  0.14983098E+00   0.26215131E+03
  0.15599535E+00   0.26215118E+03
  0.16212569E+00   0.26215469E+03
  0.16820368E+00   0.26215167E+03
  0.17421073E+00   0.26215094E+03
  0.18012878E+00   0.26215057E+03
  0.18594225E+00   0.26214996E+03
  0.19163451E+00   0.26215048E+03
  0.19719325E+00   0.26215051E+03
  0.20260422E+00   0.26215018E+03
  0.20785841E+00   0.26214810E+03
  0.21294482E+00   0.26214694E+03
  0.21785727E+00   0.26214359E+03
  0.22258836E+00   0.26214795E+03
  0.22713472E+00   0.26214984E+03
  0.23149221E+00   0.26214969E+03
  0.23566017E+00   0.26214941E+03
  0.23963766E+00   0.26215137E+03
  0.24342562E+00   0.26214984E+03
  0.24702649E+00   0.26215009E+03
  0.25044248E+00   0.26214639E+03
  0.25367624E+00   0.26215143E+03
  0.25673434E+00   0.26215085E+03
  0.25962156E+00   0.26214981E+03
  0.26234365E+00   0.26214880E+03
  0.26490456E+00   0.26215143E+03
  0.26699996E+00   0.26214975E+03
  0.27139759E+00   0.26254056E+03
  0.27619621E+00   0.26256500E+03
  0.28143236E+00   0.26259250E+03
  0.28714609E+00   0.26260657E+03
  0.29338071E+00   0.26261487E+03
  0.30018374E+00   0.26261899E+03
  0.30760741E+00   0.26261969E+03
  0.31570789E+00   0.26261832E+03
  0.32454678E+00   0.26261490E+03
  0.33419201E+00   0.26260956E+03
  0.34471652E+00   0.26260095E+03
  0.35620067E+00   0.26259369E+03
  0.36873195E+00   0.26258371E+03
  0.38240600E+00   0.26257468E+03
  0.39732692E+00   0.26256430E+03
  0.41360828E+00   0.26255414E+03
  0.43137431E+00   0.26254349E+03
  0.45076030E+00   0.26253296E+03
  0.47191402E+00   0.26252222E+03
  0.49499676E+00   0.26251154E+03
  0.52018398E+00   0.26250101E+03
  0.54766798E+00   0.26249063E+03
  0.57765841E+00   0.26248047E+03
  0.61038327E+00   0.26247049E+03
  0.64609188E+00   0.26246063E+03
  0.68505687E+00   0.26245096E+03
  0.72757477E+00   0.26244180E+03
  0.77396959E+00   0.26243256E+03
  0.82459491E+00   0.26242365E+03
  0.87983650E+00   0.26241483E+03
  0.94011539E+00   0.26240656E+03
  0.10058907E+01   0.26239828E+03
  0.10776635E+01   0.26239017E+03
  0.11559809E+01   0.26238235E+03
  0.12414399E+01   0.26237466E+03
  0.13346914E+01   0.26236728E+03
  0.14364458E+01   0.26236005E+03
  0.15474787E+01   0.26235284E+03
  0.16686360E+01   0.26234610E+03
  0.18008410E+01   0.26233954E+03
  0.19451010E+01   0.26233316E+03
  0.21025150E+01   0.26232684E+03
  0.22742829E+01   0.26232129E+03
  0.24617133E+01   0.26231549E+03
  0.26662350E+01   0.26230984E+03
  0.28894053E+01   0.26230447E+03
  0.31329253E+01   0.26229959E+03
  0.33986509E+01   0.26229474E+03
  0.36886058E+01   0.26228769E+03
  0.40049996E+01   0.26228766E+03
