     0.000000     0.000000   995.204709     0.000000   100944.360   293.000000
     1.000000     0.000000   995.204707     0.000000   100944.362   293.000001
     2.000000     0.000000   995.204703     0.000000   100944.366   293.000005
     3.000000     0.000000   995.204689     0.000000   100944.384   293.000020
     4.000000     0.000000   995.204634     0.000000   100944.449   293.000074
     5.000000     0.000000   995.204441     0.000000   100944.680   293.000265
     6.000000     0.000000   995.203776     0.000000   100945.474   293.000924
     7.000000     0.000000   995.201598     0.000000   100948.075   293.003081
     8.000000     0.000000   995.194855     0.000000   100956.128   293.009763
     9.000000     0.000000   995.175137     0.000000   100979.679   293.029328
    10.000000     0.000000   995.120571     0.000000   101044.867   293.083660
    11.000000     0.000000   994.977143     0.000000   101216.313   293.227815
    12.000000     0.000000   994.617476     0.000000   101646.828   293.597734
    13.000000     0.000000   993.753447     0.000000   102684.276   294.532992
    14.000000     0.000000   991.761835     0.000000   105091.432   296.906471
    15.000000     0.000000   987.361321     0.000000   110478.688   302.949991
    16.000000     0.000000   978.123910     0.000000   122045.778   317.709821
    17.000000     0.000000   958.569678     0.000000   147390.998   352.347516
    18.000000     0.000000   932.085633     0.000000   185793.023   409.535098
    19.000000     0.000000   900.326554     0.000000   229263.720   487.197598
    20.000000     0.000000   883.201908     0.000000   252101.395   564.307661
    21.000000     0.000000   876.747506     0.000000   257568.666   615.901861
    22.000000     0.000000   875.290608     0.000000   258152.847   649.651861
    23.000000     0.000000   875.555924     0.000000   257071.576   671.966929
    24.000000     0.000000   876.017037     0.000000   255806.259   686.859320
    25.000000     0.000000   876.578304     0.000000   254719.551   696.994911
    26.000000     0.000000   877.147648     0.000000   253759.366   704.260491
    27.000000     0.000000   877.660113     0.000000   252975.365   709.231812
    28.000000     0.000000   878.190113     0.000000   252221.817   713.105355
    29.000000     0.000000   878.554113     0.000000   251720.496   715.505971
    30.000000     0.000000   878.918113     0.000000   251219.175   717.906586
     0.000000     0.060792   995.204709     0.000000   100944.360   293.000000
     1.000000     0.060792   995.204707    -0.000001   100944.362   293.000001
     2.000000     0.060792   995.204703    -0.000002   100944.366   293.000005
     3.000000     0.060792   995.204689    -0.000008   100944.384   293.000020
     4.000000     0.060792   995.204634    -0.000029   100944.449   293.000074
     5.000000     0.060792   995.204441    -0.000104   100944.680   293.000265
     6.000000     0.060792   995.203776    -0.000357   100945.474   293.000924
     7.000000     0.060792   995.201598    -0.001167   100948.075   293.003081
     8.000000     0.060792   995.194855    -0.003605   100956.128   293.009763
     9.000000     0.060792   995.175137    -0.010511   100979.679   293.029328
    10.000000     0.060792   995.120571    -0.028894   101044.867   293.083660
    11.000000     0.060792   994.977143    -0.075059   101216.313   293.227815
    12.000000     0.060792   994.617476    -0.184542   101646.828   293.597734
    13.000000     0.060792   993.753447    -0.427094   102684.276   294.532992
    14.000000     0.060792   991.761835    -0.913269   105091.432   296.906471
    15.000000     0.060792   987.361321    -1.740879   110478.688   302.949991
    16.000000     0.060792   978.123910    -2.821573   122045.778   317.709821
    17.000000     0.060792   958.569678    -3.682642   147390.998   352.347516
    18.000000     0.060792   932.085633    -0.359972   185793.023   409.535098
    19.000000     0.060792   900.326554     4.572137   229263.720   487.197598
    20.000000     0.060792   883.201908     4.280116   252101.395   564.307661
    21.000000     0.060792   876.747506     2.810502   257568.666   615.901861
    22.000000     0.060792   875.290608     2.109756   258152.847   649.651861
    23.000000     0.060792   875.555924     1.750068   257071.576   671.966929
    24.000000     0.060792   876.017037     1.293156   255806.259   686.859320
    25.000000     0.060792   876.578304     0.944655   254719.551   696.994911
    26.000000     0.060792   877.147648     0.708110   253759.366   704.260491
    27.000000     0.060792   877.660113     0.552150   252975.365   709.231812
    28.000000     0.060792   878.190113     0.418973   252221.817   713.105355
    29.000000     0.060792   878.554113     0.329178   251720.496   715.505971
    30.000000     0.060792   878.918113     0.239382   251219.175   717.906586
     0.000000     0.127664   995.204709     0.000000   100944.360   293.000000
     1.000000     0.127664   995.204708     0.000000   100944.361   293.000001
     2.000000     0.127664   995.204705     0.000000   100944.365   293.000004
     3.000000     0.127664   995.204694     0.000000   100944.377   293.000014
     4.000000     0.127664   995.204655     0.000001   100944.424   293.000053
     5.000000     0.127664   995.204516     0.000007   100944.590   293.000191
     6.000000     0.127664   995.204038     0.000034   100945.161   293.000665
     7.000000     0.127664   995.202472     0.000163   100947.031   293.002215
     8.000000     0.127664   995.197627     0.000704   100952.818   293.007014
     9.000000     0.127664   995.183457     0.002733   100969.741   293.021047
    10.000000     0.127664   995.144247     0.009585   101016.581   293.059877
    11.000000     0.127664   995.041074     0.030608   101139.883   293.162031
    12.000000     0.127664   994.781315     0.089219   101450.691   293.419121
    13.000000     0.127664   994.151075     0.236226   102206.972   294.042311
    14.000000     0.127664   992.668707     0.558575   103998.057   295.505347
    15.000000     0.127664   989.283885     1.138773   108152.194   298.835091
    16.000000     0.127664   981.904117     1.917355   117525.733   306.053191
    17.000000     0.127664   965.926969     2.299368   139127.341   321.569761
    18.000000     0.127664   942.734942     6.669981   173706.341   344.585320
    19.000000     0.127664   916.928676    13.187527   216707.735   373.634560
    20.000000     0.127664   900.188125    12.681955   243198.525   396.422540
    21.000000     0.127664   893.592872    10.001374   251781.887   412.365779
    22.000000     0.127664   890.605182     7.599329   254019.563   425.974634
    23.000000     0.127664   889.576280     5.914245   254092.052   437.792447
    24.000000     0.127664   889.056238     4.428402   253622.981   447.503294
    25.000000     0.127664   888.733987     3.345369   253077.463   454.986246
    26.000000     0.127664   888.560233     2.549857   252514.281   461.117125
    27.000000     0.127664   888.541084     1.992600   252012.607   465.719732
    28.000000     0.127664   888.568079     1.520393   251493.849   469.688335
    29.000000     0.127664   888.613503     1.208488   251140.710   472.354584
    30.000000     0.127664   888.658926     0.896584   250787.572   475.020834
     0.000000     0.201223   995.204709     0.000000   100944.360   293.000000
     1.000000     0.201223   995.204708    -0.000001   100944.361   293.000001
     2.000000     0.201223   995.204705    -0.000003   100944.365   293.000004
     3.000000     0.201223   995.204693    -0.000010   100944.379   293.000015
     4.000000     0.201223   995.204651    -0.000036   100944.429   293.000057
     5.000000     0.201223   995.204502    -0.000126   100944.606   293.000204
     6.000000     0.201223   995.203993    -0.000418   100945.215   293.000709
     7.000000     0.201223   995.202333    -0.001303   100947.197   293.002353
     8.000000     0.201223   995.197225    -0.003787   100953.298   293.007412
     9.000000     0.201223   995.182372    -0.010255   100971.038   293.022122
    10.000000     0.201223   995.141481    -0.025942   101019.886   293.062615
    11.000000     0.201223   995.034366    -0.061782   101147.915   293.168672
    12.000000     0.201223   994.765586    -0.140786   101469.603   293.434683
    13.000000     0.201223   994.114666    -0.315471   102251.211   294.078259
    14.000000     0.201223   992.583920    -0.720261   104103.505   295.588276
    15.000000     0.201223   989.086989    -1.704236   108409.071   299.020638
    16.000000     0.201223   981.477253    -3.936139   118135.977   306.386968
    17.000000     0.201223   965.264734    -8.794786   140325.976   321.905617
    18.000000     0.201223   943.196420    -5.367889   174347.757   342.693888
    19.000000     0.201223   919.623719     4.731417   216791.805   365.700999
    20.000000     0.201223   904.754919     9.223073   243663.015   379.616066
    21.000000     0.201223   900.370230     8.868595   252319.254   385.266568
    22.000000     0.201223   898.468835     7.397579   254426.906   388.219297
    23.000000     0.201223   898.235500     5.930465   254325.033   390.293082
    24.000000     0.201223   898.193640     4.512343   253812.202   392.074299
    25.000000     0.201223   898.208156     3.441772   253207.955   393.449172
    26.000000     0.201223   898.236462     2.643970   252601.944   394.600270
    27.000000     0.201223   898.310043     2.077693   252079.878   395.465889
    28.000000     0.201223   898.395251     1.592735   251546.112   396.207163
    29.000000     0.201223   898.457398     1.266287   251182.614   396.720588
    30.000000     0.201223   898.519544     0.939838   250819.115   397.234013
     0.000000     0.282138   995.204709     0.000000   100944.360   293.000000
     1.000000     0.282138   995.204708    -0.000001   100944.361   293.000001
     2.000000     0.282138   995.204704    -0.000005   100944.365   293.000004
     3.000000     0.282138   995.204692    -0.000018   100944.380   293.000016
     4.000000     0.282138   995.204649    -0.000067   100944.432   293.000059
     5.000000     0.282138   995.204493    -0.000236   100944.617   293.000213
     6.000000     0.282138   995.203964    -0.000795   100945.249   293.000738
     7.000000     0.282138   995.202248    -0.002525   100947.299   293.002437
     8.000000     0.282138   995.196989    -0.007528   100953.579   293.007645
     9.000000     0.282138   995.181764    -0.021049   100971.763   293.022723
    10.000000     0.282138   995.140010    -0.055383   101021.640   293.064070
    11.000000     0.282138   995.030977    -0.138127   101151.946   293.172016
    12.000000     0.282138   994.758146    -0.330852   101478.394   293.441982
    13.000000     0.282138   994.098251    -0.771990   102270.285   294.094132
    14.000000     0.282138   992.545131    -1.779733   104147.006   295.624613
    15.000000     0.282138   988.988446    -4.061188   108512.607   299.107328
    16.000000     0.282138   981.239414    -8.783059   118356.366   306.579093
    17.000000     0.282138   965.009735   -18.091141   140413.630   322.050554
    18.000000     0.282138   943.614957   -15.602291   173338.030   342.186933
    19.000000     0.282138   920.569226    -3.063965   214746.108   364.249189
    20.000000     0.282138   905.539471     6.034742   243019.865   377.770255
    21.000000     0.282138   901.027507     7.953923   252272.940   382.047145
    22.000000     0.282138   899.740662     7.196318   254646.058   383.317747
    23.000000     0.282138   899.750323     5.988653   254537.742   383.545013
    24.000000     0.282138   899.954403     4.645964   254004.618   383.600610
    25.000000     0.282138   900.216774     3.564061   253352.708   383.574416
    26.000000     0.282138   900.475887     2.744524   252710.542   383.531631
    27.000000     0.282138   900.704362     2.171640   252161.820   383.481045
    28.000000     0.282138   900.935798     1.672210   251610.360   383.414679
    29.000000     0.282138   901.093744     1.330458   251234.528   383.373748
    30.000000     0.282138   901.251690     0.988706   250858.696   383.332816
     0.000000     0.371144   995.204709     0.000000   100944.360   293.000000
     1.000000     0.371144   995.204707    -0.000002   100944.361   293.000001
     2.000000     0.371144   995.204704    -0.000008   100944.366   293.000005
     3.000000     0.371144   995.204690    -0.000030   100944.382   293.000019
     4.000000     0.371144   995.204640    -0.000111   100944.442   293.000068
     5.000000     0.371144   995.204463    -0.000392   100944.653   293.000243
     6.000000     0.371144   995.203865    -0.001320   100945.368   293.000836
     7.000000     0.371144   995.201938    -0.004205   100947.669   293.002744
     8.000000     0.371144   995.196091    -0.012621   100954.652   293.008535
     9.000000     0.371144   995.179335    -0.035650   100974.664   293.025128
    10.000000     0.371144   995.133847    -0.095082   101029.000   293.070169
    11.000000     0.371144   995.016138    -0.240996   101169.664   293.186679
    12.000000     0.371144   994.723422    -0.585539   101519.840   293.476175
    13.000000     0.371144   994.018150    -1.378903   102365.838   294.172374
    14.000000     0.371144   992.361766    -3.175816   104365.557   295.800523
    15.000000     0.371144   988.579819    -7.128152   108998.758   299.484740
    16.000000     0.371144   980.425927   -14.941275   119313.541   307.272764
    17.000000     0.371144   964.183385   -29.085677   141331.980   322.682470
    18.000000     0.371144   943.893145   -27.032750   172621.842   341.797365
    19.000000     0.371144   922.351160   -11.869022   211574.278   362.630509
    20.000000     0.371144   906.429430     2.221934   241630.764   377.080551
    21.000000     0.371144   901.296501     6.806726   251964.803   381.682610
    22.000000     0.371144   899.956888     6.918486   254724.659   382.894027
    23.000000     0.371144   899.903111     5.975976   254813.096   382.956332
    24.000000     0.371144   900.170251     4.779804   254247.783   382.740030
    25.000000     0.371144   900.508623     3.694347   253533.128   382.458986
    26.000000     0.371144   900.834589     2.855691   252841.333   382.187236
    27.000000     0.371144   901.108829     2.274407   252261.920   381.958696
    28.000000     0.371144   901.381140     1.760392   251688.301   381.731597
    29.000000     0.371144   901.566424     1.402161   251297.976   381.577860
    30.000000     0.371144   901.751709     1.043929   250907.650   381.424122
     0.000000     0.469051   995.204709     0.000000   100944.360   293.000000
     1.000000     0.469051   995.204707    -0.000003   100944.362   293.000001
     2.000000     0.469051   995.204703    -0.000012   100944.367   293.000006
     3.000000     0.469051   995.204687    -0.000044   100944.386   293.000022
     4.000000     0.469051   995.204628    -0.000161   100944.456   293.000080
     5.000000     0.469051   995.204422    -0.000569   100944.702   293.000284
     6.000000     0.469051   995.203730    -0.001917   100945.529   293.000969
     7.000000     0.469051   995.201526    -0.006112   100948.161   293.003152
     8.000000     0.469051   995.194900    -0.018342   100956.074   293.009714
     9.000000     0.469051   995.176094    -0.051801   100978.534   293.028337
    10.000000     0.469051   995.125497    -0.138217   101038.967   293.078429
    11.000000     0.469051   994.995608    -0.350734   101194.153   293.206956
    12.000000     0.469051   994.674924    -0.854267   101577.601   293.523884
    13.000000     0.469051   993.906872    -2.017139   102497.862   294.280801
    14.000000     0.469051   992.111550    -4.644547   104659.757   296.039025
    15.000000     0.469051   988.035021   -10.340559   109626.170   299.979769
    16.000000     0.469051   979.360313   -21.239708   120482.300   308.162477
    17.000000     0.469051   963.248051   -39.818813   142124.372   323.330513
    18.000000     0.469051   944.239433   -38.260632   171370.109   341.194625
    19.000000     0.469051   924.509956   -21.624124   207275.714   360.499558
    20.000000     0.469051   907.660052    -2.470151   239096.351   375.943041
    21.000000     0.469051   901.616362     5.307305   251245.249   381.398164
    22.000000     0.469051   899.951062     6.576754   254642.345   382.868313
    23.000000     0.469051   899.767498     5.982117   255073.865   383.054158
    24.000000     0.469051   900.049218     4.951261   254498.847   382.808239
    25.000000     0.469051   900.423443     3.860677   253732.973   382.480052
    26.000000     0.469051   900.784467     2.989538   252987.941   382.160334
    27.000000     0.469051   901.081324     2.394561   252375.154   381.897002
    28.000000     0.469051   901.370072     1.861184   251778.904   381.640456
    29.000000     0.469051   901.566508     1.483803   251372.846   381.465589
    30.000000     0.469051   901.762943     1.106422   250966.788   381.290722
     0.000000     0.576749   995.204709     0.000000   100944.360   293.000000
     1.000000     0.576749   995.204707    -0.000004   100944.362   293.000002
     2.000000     0.576749   995.204701    -0.000017   100944.369   293.000007
     3.000000     0.576749   995.204681    -0.000064   100944.393   293.000028
     4.000000     0.576749   995.204607    -0.000232   100944.481   293.000100
     5.000000     0.576749   995.204350    -0.000817   100944.789   293.000355
     6.000000     0.576749   995.203491    -0.002745   100945.815   293.001206
     7.000000     0.576749   995.200783    -0.008715   100949.049   293.003888
     8.000000     0.576749   995.192750    -0.026080   100958.641   293.011843
     9.000000     0.576749   995.170273    -0.073562   100985.485   293.034100
    10.000000     0.576749   995.110632    -0.196265   101056.715   293.093135
    11.000000     0.576749   994.959460    -0.498517   101237.291   293.242650
    12.000000     0.576749   994.589866    -1.214860   101678.996   293.607502
    13.000000     0.576749   993.710697    -2.864089   102731.172   294.471699
    14.000000     0.576749   991.668122    -6.556795   105184.590   296.460953
    15.000000     0.576749   987.078391   -14.397581   110747.611   300.849168
    16.000000     0.576749   977.574816   -28.856372   122530.609   309.658920
    17.000000     0.576749   961.711775   -51.658625   143712.873   324.427514
    18.000000     0.576749   944.543111   -49.893639   170132.371   340.527105
    19.000000     0.576749   926.869426   -32.413108   202019.651   357.795742
    20.000000     0.576749   909.710962    -8.308714   235009.991   374.031463
    21.000000     0.576749   902.225617     3.276900   249909.281   380.819268
    22.000000     0.576749   900.024497     6.056501   254398.936   382.774040
    23.000000     0.576749   899.666244     5.868089   255167.550   383.103681
    24.000000     0.576749   899.872698     5.101400   254750.459   382.924107
    25.000000     0.576749   900.252654     4.061639   253974.377   382.590144
    26.000000     0.576749   900.652404     3.150527   253156.788   382.237799
    27.000000     0.576749   900.970742     2.533493   252504.744   381.956125
    28.000000     0.576749   901.273930     1.976297   251883.910   381.687597
    29.000000     0.576749   901.480897     1.577536   251459.965   381.503915
    30.000000     0.576749   901.687865     1.178774   251036.020   381.320232
     0.000000     0.695216   995.204709     0.000000   100944.360   293.000000
     1.000000     0.695216   995.204706    -0.000006   100944.363   293.000002
     2.000000     0.695216   995.204699    -0.000024   100944.372   293.000010
     3.000000     0.695216   995.204672    -0.000091   100944.403   293.000036
     4.000000     0.695216   995.204576    -0.000329   100944.518   293.000131
     5.000000     0.695216   995.204243    -0.001154   100944.916   293.000461
     6.000000     0.695216   995.203142    -0.003860   100946.231   293.001551
     7.000000     0.695216   995.199718    -0.012200   100950.320   293.004942
     8.000000     0.695216   995.189684    -0.036261   100962.303   293.014879
     9.000000     0.695216   995.161948    -0.101543   100995.425   293.042340
    10.000000     0.695216   995.089233    -0.269090   101082.258   293.114298
    11.000000     0.695216   994.906905    -0.679394   101299.983   293.294518
    12.000000     0.695216   994.465862    -1.648577   101826.690   293.729274
    13.000000     0.695216   993.427213    -3.872851   103067.602   294.746861
    14.000000     0.695216   991.039659    -8.810928   105924.373   297.055422
    15.000000     0.695216   985.769568   -19.075842   112261.411   302.021869
    16.000000     0.695216   975.264798   -37.171810   125114.229   311.569094
    17.000000     0.695216   959.994440   -62.898787   145303.683   325.550120
    18.000000     0.695216   944.880368   -60.951831   168488.383   339.655676
    19.000000     0.695216   929.296306   -43.813376   196120.048   354.777683
    20.000000     0.695216   912.650344   -15.900361   228962.810   371.232965
    21.000000     0.695216   903.170176     0.399840   247693.732   379.945523
    22.000000     0.695216   900.140978     5.247514   253862.851   382.641857
    23.000000     0.695216   899.528539     5.718719   255157.150   383.193970
    24.000000     0.695216   899.618902     5.220775   254984.410   383.114535
    25.000000     0.695216   899.981176     4.298701   254250.126   382.793678
    26.000000     0.695216   900.421157     3.351395   253354.866   382.404669
    27.000000     0.695216   900.765270     2.695230   252654.497   382.099337
    28.000000     0.695216   901.084098     2.108658   252005.426   381.816345
    29.000000     0.695216   901.301969     1.685165   251561.626   381.622494
    30.000000     0.695216   901.519839     1.261673   251117.826   381.428644
     0.000000     0.825530   995.204709     0.000000   100944.360   293.000000
     1.000000     0.825530   995.204705    -0.000009   100944.364   293.000003
     2.000000     0.825530   995.204695    -0.000035   100944.376   293.000013
     3.000000     0.825530   995.204658    -0.000130   100944.420   293.000050
     4.000000     0.825530   995.204526    -0.000472   100944.578   293.000181
     5.000000     0.825530   995.204071    -0.001649   100945.122   293.000632
     6.000000     0.825530   995.202582    -0.005477   100946.900   293.002106
     7.000000     0.825530   995.198007    -0.017168   100952.363   293.006637
     8.000000     0.825530   995.184808    -0.050664   100968.126   293.019707
     9.000000     0.825530   995.148902    -0.140945   101011.001   293.055252
    10.000000     0.825530   995.056216    -0.371350   101121.667   293.146941
    11.000000     0.825530   994.827114    -0.933048   101395.145   293.373194
    12.000000     0.825530   994.278847    -2.251298   102049.341   293.912541
    13.000000     0.825530   992.999279    -5.248104   103575.179   295.160465
    14.000000     0.825530   990.093137   -11.789902   107038.815   297.943608
    15.000000     0.825530   983.829091   -24.928470   114518.273   303.749066
    16.000000     0.825530   972.053302   -46.750404   128843.411   314.250136
    17.000000     0.825530   957.794251   -73.867405   147340.691   326.889468
    18.000000     0.825530   945.205891   -71.338450   166624.382   338.629315
    19.000000     0.825530   932.246698   -55.375376   189825.558   351.517242
    20.000000     0.825530   916.693763   -25.878815   220869.441   367.397234
    21.000000     0.825530   904.824726    -3.770382   244230.922   378.466278
    22.000000     0.825530   900.571380     3.951728   252827.863   382.284064
    23.000000     0.825530   899.516393     5.460485   255003.315   383.219513
    24.000000     0.825530   899.466008     5.240113   255121.615   383.267176
    25.000000     0.825530   899.757806     4.541100   254521.344   383.005607
    26.000000     0.825530   900.207203     3.610063   253596.593   382.604836
    27.000000     0.825530   900.579393     2.885422   252831.862   382.272240
    28.000000     0.825530   900.912297     2.261098   252147.887   381.974464
    29.000000     0.825530   901.139658     1.809358   251680.866   381.770669
    30.000000     0.825530   901.367020     1.357617   251213.845   381.566874
     0.000000     0.968876   995.204709     0.000000   100944.360   293.000000
     1.000000     0.968876   995.204704    -0.000013   100944.366   293.000005
     2.000000     0.968876   995.204689    -0.000052   100944.383   293.000019
     3.000000     0.968876   995.204637    -0.000191   100944.446   293.000071
     4.000000     0.968876   995.204448    -0.000691   100944.671   293.000258
     5.000000     0.968876   995.203804    -0.002398   100945.441   293.000896
     6.000000     0.968876   995.201722    -0.007897   100947.927   293.002958
     7.000000     0.968876   995.195410    -0.024508   100955.465   293.009209
     8.000000     0.968876   995.177455    -0.071530   100976.905   293.026987
     9.000000     0.968876   995.129315    -0.196804   101034.387   293.074634
    10.000000     0.968876   995.006750    -0.513104   101180.698   293.195822
    11.000000     0.968876   994.707569    -1.276784   101537.659   293.490939
    12.000000     0.968876   994.000786    -3.055213   102380.052   294.184340
    13.000000     0.968876   992.373501    -7.057123   104315.670   295.761908
    14.000000     0.968876   988.747550   -15.613999   108615.052   299.192365
    15.000000     0.968876   981.217217   -32.096824   117526.534   306.030285
    16.000000     0.968876   968.379585   -57.487620   133364.971   317.482057
    17.000000     0.968876   955.422109   -83.007917   149342.160   328.246546
    18.000000     0.968876   945.718584   -80.756627   164587.267   337.551050
    19.000000     0.968876   935.311327   -66.816793   183469.785   348.207819
    20.000000     0.968876   921.525126   -38.313855   210885.785   362.532182
    21.000000     0.968876   907.501948    -9.969371   238928.753   376.105123
    22.000000     0.968876   901.504238     1.840527   250978.574   381.556506
    23.000000     0.968876   899.726585     4.949415   254603.418   383.128489
    24.000000     0.968876   899.474484     5.155422   255126.904   383.351472
    25.000000     0.968876   899.653133     4.767215   254759.366   383.190976
    26.000000     0.968876   900.070714     3.922336   253897.543   382.818055
    27.000000     0.968876   900.483715     3.111819   253045.706   382.448613
    28.000000     0.968876   900.837751     2.439498   252315.244   382.131366
    29.000000     0.968876   901.077445     1.954051   251821.015   381.916184
    30.000000     0.968876   901.317139     1.468604   251326.787   381.701002
     0.000000     1.126556   995.204709     0.000000   100944.360   293.000000
     1.000000     1.126556   995.204701    -0.000020   100944.369   293.000007
     2.000000     1.126556   995.204680    -0.000078   100944.395   293.000029
     3.000000     1.126556   995.204601    -0.000290   100944.489   293.000107
     4.000000     1.126556   995.204321    -0.001041   100944.823   293.000384
     5.000000     1.126556   995.203372    -0.003586   100945.956   293.001323
     6.000000     1.126556   995.200346    -0.011696   100949.570   293.004321
     7.000000     1.126556   995.191306    -0.035875   100960.366   293.013273
     8.000000     1.126556   995.165985    -0.103403   100990.602   293.038342
     9.000000     1.126556   995.099138    -0.280954   101070.410   293.104485
    10.000000     1.126556   994.931432    -0.723796   101270.555   293.270191
    11.000000     1.126556   994.527494    -1.780954   101752.208   293.667982
    12.000000     1.126556   993.584790    -4.212493   102874.259   294.589382
    13.000000     1.126556   991.444971    -9.588894   105412.337   296.647053
    14.000000     1.126556   986.792515   -20.716696   110901.161   300.984309
    15.000000     1.126556   977.604695   -40.886984   121717.188   309.148770
    16.000000     1.126556   963.045936   -68.324080   139267.415   321.577966
    17.000000     1.126556   953.669663   -90.289574   151166.077   329.480752
    18.000000     1.126556   946.187117   -88.964529   162749.193   336.543605
    19.000000     1.126556   938.077356   -77.701026   177432.493   344.960445
    20.000000     1.126556   926.317784   -52.233784   200289.239   357.202443
    21.000000     1.126556   911.672637   -19.251209   230363.864   372.225549
    22.000000     1.126556   902.967095    -1.615857   247742.276   380.304989
    23.000000     1.126556   900.025139     3.937881   253726.527   382.928204
    24.000000     1.126556   899.415301     4.985893   255002.828   383.473972
    25.000000     1.126556   899.479196     4.878096   254879.170   383.415839
    26.000000     1.126556   899.810463     4.238200   254205.236   383.120774
    27.000000     1.126556   900.244394     3.403088   253320.731   382.735356
    28.000000     1.126556   900.637631     2.650847   252517.077   382.384800
    29.000000     1.126556   900.896434     2.123029   251988.173   382.153442
    30.000000     1.126556   901.155238     1.595210   251459.268   381.922084
     0.000000     1.300004   995.204709     0.000000   100944.360   293.000000
     1.000000     1.300004   995.204697    -0.000031   100944.374   293.000011
     2.000000     1.300004   995.204663    -0.000123   100944.414   293.000045
     3.000000     1.300004   995.204541    -0.000453   100944.560   293.000166
     4.000000     1.300004   995.204109    -0.001620   100945.077   293.000594
     5.000000     1.300004   995.202659    -0.005532   100946.807   293.002030
     6.000000     1.300004   995.198101    -0.017830   100952.251   293.006544
     7.000000     1.300004   995.184703    -0.053942   100968.251   293.019811
     8.000000     1.300004   995.147806    -0.153233   101012.307   293.056335
     9.000000     1.300004   995.052002    -0.410350   101126.667   293.151089
    10.000000     1.300004   994.815356    -1.042510   101408.970   293.384668
    11.000000     1.300004   994.253426    -2.530909   102078.388   293.936704
    12.000000     1.300004   992.960627    -5.899884   103614.097   295.193553
    13.000000     1.300004   990.081470   -13.167964   107016.115   297.932808
    14.000000     1.300004   984.040430   -27.536951   114102.372   303.459038
    15.000000     1.300004   972.963178   -51.550710   127157.539   313.134214
    16.000000     1.300004   958.580188   -77.530007   144713.855   325.274576
    17.000000     1.300004   952.229400   -96.085812   152781.790   330.537695
    18.000000     1.300004   946.408124   -95.871043   161286.889   335.722792
    19.000000     1.300004   940.419792   -87.703986   171916.934   341.912932
    20.000000     1.300004   931.336416   -66.535387   189842.265   351.774425
    21.000000     1.300004   917.424083   -32.867068   218511.456   366.539864
    22.000000     1.300004   905.408418    -7.379029   242429.648   377.971273
    23.000000     1.300004   900.683644     2.016143   251974.676   382.243703
    24.000000     1.300004   899.399421     4.551655   254618.487   383.387556
    25.000000     1.300004   899.296490     4.843169   254846.912   383.484279
    26.000000     1.300004   899.477184     4.525743   254480.470   383.324729
    27.000000     1.300004   899.877915     3.759597   253661.836   382.970014
    28.000000     1.300004   900.313426     2.914811   252773.708   382.585084
    29.000000     1.300004   900.598535     2.325580   252191.605   382.331936
    30.000000     1.300004   900.883644     1.736350   251609.501   382.078789
     0.000000     1.490797   995.204709     0.000000   100944.360   293.000000
     1.000000     1.490797   995.204690    -0.000050   100944.382   293.000018
     2.000000     1.490797   995.204635    -0.000200   100944.448   293.000073
     3.000000     1.490797   995.204436    -0.000737   100944.685   293.000270
     4.000000     1.490797   995.203741    -0.002618   100945.516   293.000958
     5.000000     1.490797   995.201439    -0.008846   100948.265   293.003238
     6.000000     1.490797   995.194315    -0.028119   100956.773   293.010293
     7.000000     1.490797   995.173744    -0.083741   100981.336   293.030660
     8.000000     1.490797   995.118126    -0.233979   101047.738   293.085701
     9.000000     1.490797   994.976253    -0.616359   101217.042   293.225925
    10.000000     1.490797   994.631559    -1.541033   101627.973   293.565601
    11.000000     1.490797   993.825653    -3.681724   102586.686   294.354423
    12.000000     1.490797   992.003375    -8.424078   104745.242   296.112267
    13.000000     1.490797   988.050660   -18.301157   109393.157   299.817368
    14.000000     1.490797   980.176182   -36.613489   118582.334   306.856599
    15.000000     1.490797   967.564027   -64.666159   133826.537   317.890285
    16.000000     1.490797   954.867614   -84.934474   149569.594   328.454103
    17.000000     1.490797   950.245437   -99.388897   154932.426   331.898359
    18.000000     1.490797   946.237129  -101.015576   160530.458   335.303483
    19.000000     1.490797   942.220015   -95.747863   167583.650   339.463812
    20.000000     1.490797   935.872013   -80.265033   180273.028   346.639720
    21.000000     1.490797   923.794485   -50.014515   204352.333   359.467637
    22.000000     1.490797   909.844973   -17.165168   233472.890   373.889149
    23.000000     1.490797   902.356501    -1.501224   248546.853   380.832387
    24.000000     1.490797   899.857938     3.564309   253625.859   383.059291
    25.000000     1.490797   899.348705     4.689721   254675.409   383.510053
    26.000000     1.490797   899.400954     4.632934   254569.823   383.462351
    27.000000     1.490797   899.680950     4.104882   253995.021   383.212217
    28.000000     1.490797   900.109046     3.257409   253115.300   382.830875
    29.000000     1.490797   900.433496     2.577018   252447.762   382.540688
    30.000000     1.490797   900.757946     1.896627   251780.224   382.250501
     0.000000     1.700669   995.204709     0.000000   100944.360   293.000000
     1.000000     1.700669   995.204677    -0.000086   100944.398   293.000031
     2.000000     1.700669   995.204583    -0.000341   100944.510   293.000125
     3.000000     1.700669   995.204247    -0.001251   100944.912   293.000458
     4.000000     1.700669   995.203081    -0.004407   100946.304   293.001612
     5.000000     1.700669   995.199277    -0.014703   100950.847   293.005379
     6.000000     1.700669   995.187718    -0.045995   100964.650   293.016825
     7.000000     1.700669   995.155004    -0.134532   101003.711   293.049211
     8.000000     1.700669   995.068311    -0.368925   101107.191   293.134965
     9.000000     1.700669   994.851393    -0.953903   101365.927   293.349126
    10.000000     1.700669   994.333795    -2.341327   101982.323   293.857881
    11.000000     1.700669   993.144946    -5.485764   103393.427   295.014980
    12.000000     1.700669   990.517010   -12.245438   106493.407   297.521162
    13.000000     1.700669   985.031837   -25.624548   112905.113   302.560444
    14.000000     1.700669   974.942442   -48.339819   124694.637   311.393686
    15.000000     1.700669   961.755620   -77.300716   140540.496   322.562196
    16.000000     1.700669   951.951069   -90.788947   153267.544   330.849794
    17.000000     1.700669   948.397212  -101.541340   156999.761   333.194235
    18.000000     1.700669   945.969417  -104.450466   160331.573   335.214186
    19.000000     1.700669   943.479927  -101.577413   164609.373   337.761069
    20.000000     1.700669   939.433284   -91.687618   172679.934   342.432567
    21.000000     1.700669   930.738551   -68.201117   190413.214   352.214337
    22.000000     1.700669   916.732591   -32.949628   219441.459   367.201077
    23.000000     1.700669   905.314219    -8.027442   242326.158   378.159592
    24.000000     1.700669   900.796755     1.379337   251472.577   382.257906
    25.000000     1.700669   899.492475     4.157720   254144.532   383.414594
    26.000000     1.700669   899.325979     4.587488   254495.688   383.563662
    27.000000     1.700669   899.437982     4.394243   254269.163   383.463242
    28.000000     1.700669   899.797928     3.667532   253532.886   383.142895
    29.000000     1.700669   900.169297     2.895693   252773.199   382.812435
    30.000000     1.700669   900.540666     2.123853   252013.512   382.481975
     0.000000     1.931528   995.204709     0.000000   100944.360   293.000000
     1.000000     1.931528   995.204652    -0.000153   100944.427   293.000056
     2.000000     1.931528   995.204484    -0.000608   100944.628   293.000223
     3.000000     1.931528   995.203888    -0.002221   100945.340   293.000813
     4.000000     1.931528   995.201845    -0.007750   100947.780   293.002837
     5.000000     1.931528   995.195295    -0.025477   100955.602   293.009323
     6.000000     1.931528   995.175802    -0.078235   100978.878   293.028623
     7.000000     1.931528   995.121851    -0.224202   101043.286   293.082015
     8.000000     1.931528   994.982008    -0.602020   101210.147   293.220238
     9.000000     1.931528   994.639407    -1.524110   101618.444   293.557862
    10.000000     1.931528   993.838308    -3.660950   102570.717   294.341995
    11.000000     1.931528   992.037789    -8.370406   104700.201   296.079032
    12.000000     1.931528   988.183423   -18.064812   109220.548   299.693966
    13.000000     1.931528   980.592223   -35.898637   118043.536   306.490023
    14.000000     1.931528   968.541073   -62.571562   132866.271   317.262121
    15.000000     1.931528   956.922754   -87.718192   146136.671   326.304494
    16.000000     1.931528   949.741192   -95.899527   155854.076   332.483717
    17.000000     1.931528   946.919518  -102.997325   158860.269   334.338972
    18.000000     1.931528   945.596977  -106.287289   160640.278   335.422389
    19.000000     1.931528   944.141522  -105.222742   162956.984   336.814999
    20.000000     1.931528   941.767282   -99.905395   167543.793   339.520479
    21.000000     1.931528   936.442312   -85.004377   178402.646   345.717407
    22.000000     1.931528   924.675398   -54.015234   201999.153   358.457321
    23.000000     1.931528   910.794589   -20.183765   231092.371   373.014544
    24.000000     1.931528   902.911376    -3.175375   246977.304   380.384494
    25.000000     1.931528   900.092677     2.767941   252705.719   382.912027
    26.000000     1.931528   899.360532     4.299013   254208.911   383.560643
    27.000000     1.931528   899.342797     4.387626   254253.137   383.577916
    28.000000     1.931528   899.506248     4.049347   253920.923   383.432578
    29.000000     1.931528   899.858887     3.305317   253199.309   383.119333
    30.000000     1.931528   900.211527     2.561288   252477.695   382.806089
     0.000000     2.185473   995.204709     0.000000   100944.360   293.000000
     1.000000     2.185473   995.204602    -0.000287   100944.487   293.000105
     2.000000     2.185473   995.204287    -0.001140   100944.864   293.000418
     3.000000     2.185473   995.203177    -0.004141   100946.189   293.001517
     4.000000     2.185473   995.199429    -0.014278   100950.666   293.005229
     5.000000     2.185473   995.187656    -0.046119   100964.723   293.016887
     6.000000     2.185473   995.153452    -0.138629   101005.561   293.050746
     7.000000     2.185473   995.061119    -0.388170   101115.758   293.142072
     8.000000     2.185473   994.827564    -1.017826   101394.239   293.372608
     9.000000     2.185473   994.268709    -2.515068   102059.228   293.921605
    10.000000     2.185473   992.992704    -5.885339   103571.256   295.161979
    11.000000     2.185473   990.206228   -13.030276   106848.382   297.813401
    12.000000     2.185473   984.524561   -26.827250   113464.053   303.017578
    13.000000     2.185473   974.325328   -49.734455   125349.122   311.926254
    14.000000     2.185473   961.123322   -76.388711   141484.489   323.239527
    15.000000     2.185473   953.269737   -95.017915   150489.983   329.165863
    16.000000     2.185473   948.154764  -100.364284   157458.906   333.509982
    17.000000     2.185473   945.921987  -104.037039   160401.679   335.302082
    18.000000     2.185473   945.156653  -107.001063   161244.217   335.823609
    19.000000     2.185473   944.294880  -106.999707   162420.109   336.540720
    20.000000     2.185473   942.978149  -104.743412   164678.533   337.893264
    21.000000     2.185473   940.062369   -96.791830   170414.347   341.250074
    22.000000     2.185473   932.678430   -75.948477   185308.122   349.646101
    23.000000     2.185473   919.308006   -40.940343   212908.049   364.218913
    24.000000     2.185473   906.714237   -12.302041   238225.723   376.553393
    25.000000     2.185473   901.205277    -0.595614   249404.130   381.625707
    26.000000     2.185473   899.328004     3.322190   253231.539   383.298040
    27.000000     2.185473   898.928312     4.218655   254086.382   383.665474
    28.000000     2.185473   898.960334     4.143210   254033.098   383.639829
    29.000000     2.185473   899.167222     3.712980   253624.528   383.461050
    30.000000     2.185473   899.374110     3.282749   253215.958   383.282270
     0.000000     2.464813   995.204709     0.000000   100944.360   293.000000
     1.000000     2.464813   995.204498    -0.000569   100944.612   293.000209
     2.000000     2.464813   995.203874    -0.002256   100945.357   293.000827
     3.000000     2.464813   995.201699    -0.008131   100947.955   293.002981
     4.000000     2.464813   995.194485    -0.027623   100956.569   293.010125
     5.000000     2.464813   995.172374    -0.087379   100982.970   293.032017
     6.000000     2.464813   995.109867    -0.256245   101057.581   293.093868
     7.000000     2.464813   994.945776    -0.698841   101253.301   293.256004
     8.000000     2.464813   994.541861    -1.783389   101734.253   293.653714
     9.000000     2.464813   993.601241    -4.282048   102850.313   294.572625
    10.000000     2.464813   991.517075    -9.692227   105306.806   296.575384
    11.000000     2.464813   987.152538   -20.530129   110398.953   300.641934
    12.000000     2.464813   978.915817   -39.578921   119936.499   307.958746
    13.000000     2.464813   966.523905   -67.279873   134858.380   318.716051
    14.000000     2.464813   955.386825   -86.663470   148687.443   327.994391
    15.000000     2.464813   950.409209   -99.724848   154175.276   331.506193
    16.000000     2.464813   947.112116  -104.156195   158389.493   334.106401
    17.000000     2.464813   945.284376  -105.661824   161053.042   335.727266
    18.000000     2.464813   944.548381  -107.368639   161779.072   336.182397
    19.000000     2.464813   944.007781  -107.832690   162404.198   336.577006
    20.000000     2.464813   943.315112  -107.016143   163421.175   337.203551
    21.000000     2.464813   941.895495  -103.450496   166055.222   338.779019
    22.000000     2.464813   938.145803   -92.533225   173563.189   343.150603
    23.000000     2.464813   928.591454   -66.094220   192750.241   353.827443
    24.000000     2.464813   914.537786   -30.698565   221707.644   368.809972
    25.000000     2.464813   904.463478    -8.167984   242095.546   378.533075
    26.000000     2.464813   900.287384     0.630160   250577.180   382.335518
    27.000000     2.464813   898.932452     3.465818   253349.841   383.540847
    28.000000     2.464813   898.656032     4.012097   253931.052   383.790051
    29.000000     2.464813   898.708089     3.897579   253828.159   383.742990
    30.000000     2.464813   898.760145     3.783061   253725.266   383.695929
     0.000000     2.772087   995.204709     0.000000   100944.360   293.000000
     1.000000     2.772087   995.204266    -0.001195   100944.889   293.000439
     2.000000     2.772087   995.202959    -0.004722   100946.450   293.001733
     3.000000     2.772087   995.198464    -0.016854   100951.818   293.006185
     4.000000     2.772087   995.183880    -0.056224   100969.232   293.020625
     5.000000     2.772087   995.140442    -0.173484   101021.088   293.063621
     6.000000     2.772087   995.021430    -0.494419   101163.071   293.181291
     7.000000     2.772087   994.718622    -1.308249   101523.790   293.479893
     8.000000     2.772087   993.995983    -3.234088   102381.934   294.188161
     9.000000     2.772087   992.367875    -7.492645   104303.623   295.763110
    10.000000     2.772087   988.907526   -16.215207   108347.836   299.026136
    11.000000     2.772087   982.127517   -32.272195   116193.079   305.158484
    12.000000     2.772087   970.896775   -56.957119   129342.982   314.876451
    13.000000     2.772087   959.146773   -82.376384   143572.803   324.710484
    14.000000     2.772087   951.473008   -94.134737   153523.540   331.127917
    15.000000     2.772087   948.007764  -102.467161   157220.746   333.441497
    16.000000     2.772087   946.221430  -106.511358   159325.767   334.740529
    17.000000     2.772087   944.769008  -107.179282   161298.375   335.946106
    18.000000     2.772087   944.037073  -107.928514   162063.337   336.427025
    19.000000     2.772087   943.666040  -108.281472   162450.549   336.684160
    20.000000     2.772087   943.299067  -108.016339   162940.928   337.004464
    21.000000     2.772087   942.670512  -106.611160   164042.486   337.688718
    22.000000     2.772087   941.027945  -101.795782   167296.161   339.637210
    23.000000     2.772087   936.338026   -88.015569   176730.712   345.125103
    24.000000     2.772087   925.021575   -57.583568   199328.011   357.571941
    25.000000     2.772087   911.661315   -24.281306   227250.200   371.764927
    26.000000     2.772087   903.361433    -6.031185   244135.912   379.687968
    27.000000     2.772087   899.966934     1.084110   251041.693   382.766101
    28.000000     2.772087   898.849733     3.355165   253322.545   383.756176
    29.000000     2.772087   898.677266     3.718254   253679.855   383.908585
    30.000000     2.772087   898.504798     4.081342   254037.165   384.060995
     0.000000     3.110088   995.204709     0.000000   100944.360   293.000000
     1.000000     3.110088   995.203720    -0.002666   100945.541   293.000980
     2.000000     3.110088   995.200817    -0.010490   100949.007   293.003854
     3.000000     3.110088   995.190998    -0.036964   100960.733   293.013578
     4.000000     3.110088   995.159996    -0.120560   100997.745   293.044269
     5.000000     3.110088   995.070728    -0.361117   101104.260   293.132570
     6.000000     3.110088   994.834737    -0.995431   101385.463   293.365513
     7.000000     3.110088   994.255199    -2.542356   102073.999   293.934737
     8.000000     3.110088   992.922128    -6.044511   103648.620   295.229954
     9.000000     3.110088   990.048863   -13.354653   107009.641   297.961905
    10.000000     3.110088   984.323369   -27.131882   113631.362   303.206720
    11.000000     3.110088   974.337810   -49.548431   125257.555   311.977177
    12.000000     3.110088   961.964848   -75.332057   140332.713   322.591355
    13.000000     3.110088   953.663603   -92.964935   150086.020   329.018923
    14.000000     3.110088   948.666883  -100.056769   156498.757   333.040869
    15.000000     3.110088   946.128732  -104.026396   159616.505   334.954028
    16.000000     3.110088   945.106437  -107.379969   160494.873   335.506788
    17.000000     3.110088   944.222779  -108.436606   161382.245   336.063544
    18.000000     3.110088   943.648119  -108.568165   162116.726   336.530657
    19.000000     3.110088   943.418401  -108.681635   162433.376   336.754359
    20.000000     3.110088   943.242041  -108.539738   162729.309   336.973415
    21.000000     3.110088   943.014502  -107.959545   163201.981   337.307580
    22.000000     3.110088   942.408032  -106.042671   164481.277   338.131133
    23.000000     3.110088   940.503344  -100.137935   168398.701   340.513916
    24.000000     3.110088   935.002062   -84.140215   179465.918   346.994086
    25.000000     3.110088   922.921245   -52.441378   203465.720   360.167963
    26.000000     3.110088   910.239550   -21.135636   230168.367   373.654288
    27.000000     3.110088   903.069859    -5.292232   244900.225   380.526520
    28.000000     3.110088   899.997085     1.124818   251154.404   383.313147
    29.000000     3.110088   899.187802     2.817870   252808.933   384.029200
    30.000000     3.110088   898.378520     4.510923   254463.461   384.745254
     0.000000     3.481889   995.204709     0.000000   100944.360   293.000000
     1.000000     3.481889   995.202354    -0.006340   100947.172   293.002332
     2.000000     3.481889   995.195499    -0.024797   100955.358   293.009121
     3.000000     3.481889   995.172798    -0.085925   100982.462   293.031597
     4.000000     3.481889   995.103495    -0.272475   101065.163   293.100169
     5.000000     3.481889   994.911782    -0.787502   101293.645   293.289534
     6.000000     3.481889   994.425283    -2.086636   101871.761   293.768045
     7.000000     3.481889   993.279036    -5.104096   103225.885   294.884862
     8.000000     3.481889   990.765520   -11.529366   106165.498   297.287431
     9.000000     3.481889   985.702240   -23.825504   112015.431   301.967197
    10.000000     3.481889   976.677361   -44.289127   122446.945   309.953787
    11.000000     3.481889   964.528407   -70.843923   137092.952   320.440691
    12.000000     3.481889   954.682367   -88.419544   149173.200   328.468436
    13.000000     3.481889   949.702064   -99.311562   154882.969   332.093375
    14.000000     3.481889   946.687634  -104.232779   158364.696   334.244735
    15.000000     3.481889   944.857578  -106.072422   160659.708   335.654713
    16.000000     3.481889   944.072029  -107.676328   161508.269   336.196816
    17.000000     3.481889   943.770680  -108.762347   161801.790   336.414842
    18.000000     3.481889   943.537041  -109.109885   162101.597   336.647000
    19.000000     3.481889   943.378542  -109.093341   162354.390   336.865559
    20.000000     3.481889   943.342397  -108.978242   162533.927   337.059530
    21.000000     3.481889   943.316645  -108.672079   162765.528   337.308500
    22.000000     3.481889   943.212686  -107.894389   163270.407   337.749332
    23.000000     3.481889   942.694462  -105.644443   164739.913   338.795766
    24.000000     3.481889   940.689710   -99.039252   169176.655   341.619763
    25.000000     3.481889   934.789081   -81.852915   181211.294   348.815112
    26.000000     3.481889   922.733376   -50.390148   205284.226   362.158191
    27.000000     3.481889   910.810741   -20.606390   230725.107   375.044119
    28.000000     3.481889   903.841464    -5.228620   245048.400   381.841810
    29.000000     3.481889   901.526463    -0.216500   249847.864   383.976687
    30.000000     3.481889   899.211462     4.795620   254647.327   386.111564
     0.000000     3.890871   995.204709     0.000000   100944.360   293.000000
     1.000000     3.890871   995.198712    -0.016123   100951.521   293.005939
     2.000000     3.890871   995.181456    -0.062520   100972.125   293.023025
     3.000000     3.890871   995.125887    -0.211882   101038.440   293.078018
     4.000000     3.890871   994.963191    -0.648471   101232.350   293.238792
     5.000000     3.890871   994.534063    -1.793820   101742.269   293.661259
     6.000000     3.890871   993.495863    -4.527422   102968.235   294.674526
     7.000000     3.890871   991.174513   -10.467531   105679.408   296.899967
     8.000000     3.890871   986.438592   -21.997386   111136.273   301.298868
     9.000000     3.890871   977.969366   -41.315583   120887.869   308.843501
    10.000000     3.890871   965.997480   -67.161297   135377.928   319.303250
    11.000000     3.890871   955.972994   -87.494734   147161.212   327.234496
    12.000000     3.890871   949.884122   -97.408260   154453.397   331.880092
    13.000000     3.890871   946.701578  -102.959222   158248.352   334.237460
    14.000000     3.890871   945.105140  -106.402213   159930.823   335.297506
    15.000000     3.890871   944.128173  -107.627829   161240.285   336.135740
    16.000000     3.890871   943.682860  -108.363052   161922.273   336.611019
    17.000000     3.890871   943.538571  -108.888359   162165.750   336.844644
    18.000000     3.890871   943.542097  -109.243721   162256.940   337.013520
    19.000000     3.890871   943.611288  -109.321565   162338.929   337.209679
    20.000000     3.890871   943.761851  -109.266864   162407.945   337.439085
    21.000000     3.890871   943.983202  -109.113141   162496.343   337.730457
    22.000000     3.890871   944.214559  -108.791222   162704.612   338.154247
    23.000000     3.890871   944.398456  -107.980599   163245.197   338.848021
    24.000000     3.890871   944.207556  -105.678625   164834.148   340.245795
    25.000000     3.890871   942.592714   -98.972582   169443.066   343.507100
    26.000000     3.890871   937.105192   -81.940468   181400.538   351.053441
    27.000000     3.890871   925.681728   -51.453856   204631.916   364.321805
    28.000000     3.890871   913.771472   -21.317097   230236.131   377.895406
    29.000000     3.890871   908.487520    -8.851001   241600.286   383.316349
    30.000000     3.890871   903.203568     3.615094   252964.442   388.737291
     0.000000     4.340750   995.204709     0.000000   100944.360   293.000000
     1.000000     4.340750   995.188326    -0.043979   100963.920   293.016221
     2.000000     4.340750   995.141967    -0.168381   101019.248   293.062106
     3.000000     4.340750   994.998055    -0.553927   101190.758   293.204353
     4.000000     4.340750   994.598307    -1.619266   101665.576   293.598092
     5.000000     4.340750   993.603018    -4.235947   102839.557   294.570282
     6.000000     4.340750   991.333224   -10.030545   105483.466   296.748731
     7.000000     4.340750   986.637675   -21.415930   110866.610   301.114952
     8.000000     4.340750   978.234168   -40.529982   120497.037   308.615182
     9.000000     4.340750   966.562702   -66.218601   134547.320   318.809605
    10.000000     4.340750   955.992500   -85.667732   147023.491   327.224366
    11.000000     4.340750   950.048925   -97.070971   153867.435   331.610237
    12.000000     4.340750   946.708210  -102.868761   157770.301   334.064016
    13.000000     4.340750   944.959091  -105.671305   160123.620   335.559359
    14.000000     4.340750   944.271316  -107.597723   161094.258   336.235862
    15.000000     4.340750   943.948212  -108.594977   161689.919   336.714263
    16.000000     4.340750   943.711255  -108.942492   162140.558   337.142404
    17.000000     4.340750   943.808899  -109.182932   162307.419   337.448658
    18.000000     4.340750   944.065696  -109.375345   162350.198   337.739770
    19.000000     4.340750   944.448329  -109.475269   162348.388   338.076009
    20.000000     4.340750   944.960265  -109.481135   162334.448   338.491154
    21.000000     4.340750   945.597337  -109.467408   162346.543   339.023720
    22.000000     4.340750   946.347198  -109.412402   162434.947   339.720832
    23.000000     4.340750   947.289557  -109.231758   162629.398   340.618503
    24.000000     4.340750   948.105392  -108.577398   163256.349   341.927957
    25.000000     4.340750   948.790467  -106.339569   164775.383   343.932502
    26.000000     4.340750   948.328952  -100.080649   169060.674   347.737101
    27.000000     4.340750   944.425376   -84.633761   179912.724   355.468271
    28.000000     4.340750   934.063514   -54.144078   202876.597   369.934191
    29.000000     4.340750   925.000638   -29.291698   223273.280   381.202585
    30.000000     4.340750   915.937761    -4.439319   243669.963   392.470980
     0.000000     4.835618   995.204709     0.000000   100944.360   293.000000
     1.000000     4.835618   995.156550    -0.129011   101001.833   293.047664
     2.000000     4.835618   995.023602    -0.484518   101160.268   293.179096
     3.000000     4.835618   994.630343    -1.529884   101626.986   293.566495
     4.000000     4.835618   993.610033    -4.202123   102827.598   294.563028
     5.000000     4.835618   991.250632   -10.188901   105563.528   296.825909
     6.000000     4.835618   986.307468   -22.042577   111185.333   301.410187
     7.000000     4.835618   977.438140   -41.879446   121239.440   309.261517
     8.000000     4.835618   965.586053   -67.053739   135327.612   319.476697
     9.000000     4.835618   955.494974   -86.621763   146960.366   327.329740
    10.000000     4.835618   949.577261   -97.137682   154012.068   331.863788
    11.000000     4.835618   946.534142  -102.647292   157978.666   334.406537
    12.000000     4.835618   945.236577  -106.030734   159886.481   335.701617
    13.000000     4.835618   944.518237  -107.588846   161177.027   336.661260
    14.000000     4.835618   944.237942  -108.477221   161814.892   337.285969
    15.000000     4.835618   944.379687  -109.139678   162081.144   337.761646
    16.000000     4.835618   944.757802  -109.453789   162244.262   338.264824
    17.000000     4.835618   945.319732  -109.568253   162333.454   338.830490
    18.000000     4.835618   946.101764  -109.643346   162341.238   339.473634
    19.000000     4.835618   947.110937  -109.736375   162301.499   340.235028
    20.000000     4.835618   948.341860  -109.869349   162265.113   341.165502
    21.000000     4.835618   949.800660  -110.052133   162260.638   342.301219
    22.000000     4.835618   951.500925  -110.269689   162303.165   343.674217
    23.000000     4.835618   953.464610  -110.559031   162412.639   345.320465
    24.000000     4.835618   955.710415  -110.486164   162640.686   347.288138
    25.000000     4.835618   958.506632  -109.988678   162988.417   349.579370
    26.000000     4.835618   960.617979  -108.133663   164537.922   352.835406
    27.000000     4.835618   962.171793  -102.642255   168172.560   357.604780
    28.000000     4.835618   960.843775   -89.010238   177557.480   365.994770
    29.000000     4.835618   954.628642   -64.514423   195723.463   379.310387
    30.000000     4.835618   948.413508   -40.018608   213889.445   392.626004
     0.000000     5.379972   995.204709     0.000000   100944.360   293.000000
     1.000000     5.379972   995.051877    -0.407840   101126.428   293.151049
     2.000000     5.379972   994.645384    -1.485162   101608.385   293.551452
     3.000000     5.379972   993.518097    -4.416712   102928.953   294.651344
     4.000000     5.379972   990.860345   -11.070030   105981.998   297.190204
     5.000000     5.379972   985.358829   -24.024868   112172.341   302.261586
     6.000000     5.379972   975.374576   -45.556279   123255.169   310.906912
     7.000000     5.379972   963.364655   -70.423471   137268.155   321.026246
     8.000000     5.379972   953.986974   -88.230761   148369.865   328.481096
     9.000000     5.379972   949.129724   -98.010956   154748.640   332.669874
    10.000000     5.379972   946.846920  -103.498874   158197.823   335.018948
    11.000000     5.379972   945.722681  -106.228902   160207.652   336.544119
    12.000000     5.379972   945.350100  -107.943176   161217.312   337.559580
    13.000000     5.379972   945.492902  -108.908339   161812.592   338.447655
    14.000000     5.379972   946.157748  -109.422173   162120.793   339.308618
    15.000000     5.379972   947.128115  -109.762447   162263.993   340.236977
    16.000000     5.379972   948.428810  -110.019529   162277.670   341.275809
    17.000000     5.379972   950.042299  -110.166290   162244.932   342.503248
    18.000000     5.379972   951.971399  -110.341121   162217.188   343.977034
    19.000000     5.379972   954.236517  -110.595366   162208.892   345.724043
    20.000000     5.379972   956.854844  -110.945202   162219.912   347.751136
    21.000000     5.379972   959.832541  -111.367501   162242.492   350.050067
    22.000000     5.379972   963.166078  -111.836274   162273.702   352.697936
    23.000000     5.379972   967.089091  -112.346161   162264.843   355.681156
    24.000000     5.379972   971.472057  -112.797790   162293.422   358.984424
    25.000000     5.379972   976.201021  -113.317216   162385.737   362.506986
    26.000000     5.379972   981.053566  -113.153745   162707.156   366.312292
    27.000000     5.379972   985.668416  -111.859145   163613.422   370.391424
    28.000000     5.379972   988.043351  -107.637245   166854.939   375.649605
    29.000000     5.379972   987.825069   -97.240701   173907.395   382.905503
    30.000000     5.379972   987.606787   -86.844157   180959.852   390.161400
     0.000000     5.978762   995.204709     0.000000   100944.360   293.000000
     1.000000     5.978762   994.678360    -1.389446   101566.882   293.517743
     2.000000     5.978762   993.356545    -4.792472   103104.822   294.804284
     3.000000     5.978762   990.024326   -12.944434   106873.805   297.974094
     4.000000     5.978762   983.229474   -28.035393   114210.406   304.021146
     5.000000     5.978762   971.912472   -51.796137   126719.927   313.748949
     6.000000     5.978762   959.979780   -76.172524   140804.624   323.821767
     7.000000     5.978762   953.021193   -91.457706   150370.615   330.378898
     8.000000     5.978762   949.328187  -100.090561   155949.624   334.314664
     9.000000     5.978762   947.866389  -104.525352   158963.126   336.748116
    10.000000     5.978762   947.421629  -107.179061   160551.313   338.474000
    11.000000     5.978762   947.961366  -108.631502   161411.797   339.969130
    12.000000     5.978762   949.213165  -109.593538   161864.531   341.465357
    13.000000     5.978762   950.949145  -110.205052   162104.591   343.106167
    14.000000     5.978762   953.186131  -110.604770   162185.737   344.937000
    15.000000     5.978762   955.890324  -110.882456   162178.144   347.000761
    16.000000     5.978762   959.017390  -111.198343   162128.777   349.352295
    17.000000     5.978762   962.646489  -111.624326   162095.628   352.139414
    18.000000     5.978762   966.824796  -112.178026   162104.521   355.334627
    19.000000     5.978762   971.457093  -112.793688   162140.781   358.827183
    20.000000     5.978762   976.406681  -113.425794   162185.112   362.499274
    21.000000     5.978762   981.528787  -114.036140   162212.953   366.254402
    22.000000     5.978762   986.824905  -114.663975   162214.060   369.987303
    23.000000     5.978762   991.765412  -115.221538   162208.664   373.319486
    24.000000     5.978762   996.104189  -115.769337   162204.818   376.433436
    25.000000     5.978762  1000.147218  -116.285809   162147.209   379.108220
    26.000000     5.978762  1003.440389  -116.699310   162206.831   381.695273
    27.000000     5.978762  1006.639436  -116.648853   162270.212   383.876084
    28.000000     5.978762  1008.564891  -115.626391   163218.798   386.542637
    29.000000     5.978762  1009.540311  -112.509055   165366.202   389.595549
    30.000000     5.978762  1010.515730  -109.391719   167513.605   392.648460
     0.000000     6.637431   995.204709     0.000000   100944.360   293.000000
     1.000000     6.637431   993.214273    -5.062592   103234.265   294.940977
     2.000000     6.637431   988.620458   -15.653533   108194.539   299.203528
     3.000000     6.637431   979.397071   -35.823736   118233.907   307.619704
     4.000000     6.637431   967.314151   -61.972256   132501.009   318.669929
     5.000000     6.637431   958.236140   -84.082872   145503.852   328.236670
     6.000000     6.637431   953.454401   -96.166041   153175.920   334.153788
     7.000000     6.637431   951.911061  -102.927042   157431.606   338.092081
     8.000000     6.637431   951.708287  -106.733671   159763.338   341.131864
     9.000000     6.637431   953.561999  -108.885371   160860.075   343.739441
    10.000000     6.637431   955.997827  -110.195008   161571.317   346.476548
    11.000000     6.637431   959.292158  -111.062916   161907.048   349.494065
    12.000000     6.637431   963.485626  -111.729783   161983.044   352.817604
    13.000000     6.637431   968.352487  -112.341426   161964.422   356.438542
    14.000000     6.637431   973.651344  -112.961371   161944.094   360.288629
    15.000000     6.637431   979.169701  -113.586361   161958.976   364.269492
    16.000000     6.637431   984.790442  -114.223652   162010.192   368.388864
    17.000000     6.637431   990.201162  -114.870760   162121.948   372.181302
    18.000000     6.637431   995.069123  -115.422633   162213.633   375.616770
    19.000000     6.637431   999.369448  -115.883910   162279.444   378.666165
    20.000000     6.637431  1003.160168  -116.293552   162326.473   381.395197
    21.000000     6.637431  1006.438449  -116.651185   162352.416   383.776069
    22.000000     6.637431  1009.305594  -116.962614   162386.125   385.913264
    23.000000     6.637431  1011.759022  -117.247195   162389.871   387.734506
    24.000000     6.637431  1013.892489  -117.485790   162413.958   389.377849
    25.000000     6.637431  1015.690735  -117.739086   162377.946   390.716184
    26.000000     6.637431  1017.253671  -117.928178   162386.827   391.956832
    27.000000     6.637431  1018.548162  -118.150481   162339.110   392.920342
    28.000000     6.637431  1019.633411  -118.037351   162428.020   393.911848
    29.000000     6.637431  1020.162409  -117.372986   162967.919   394.984838
    30.000000     6.637431  1020.691408  -116.708621   163507.817   396.057827
     0.000000     7.361966   995.204709     0.000000   100944.360   293.000000
     1.000000     7.361966   987.399373   -19.056885   109809.799   301.416206
     2.000000     7.361966   976.522761   -46.959307   124051.586   314.249128
     3.000000     7.361966   965.362566   -75.417111   140197.110   327.783901
     4.000000     7.361966   961.240372   -92.750714   150518.044   337.123559
     5.000000     7.361966   959.539008  -102.160194   156253.462   343.922265
     6.000000     7.361966   962.938645  -107.361800   158729.532   349.193906
     7.000000     7.361966   967.500892  -110.262884   160184.934   354.246403
     8.000000     7.361966   973.066113  -111.954727   161037.654   359.179965
     9.000000     7.361966   979.156916  -113.234945   161426.073   363.925568
    10.000000     7.361966   985.468745  -114.191961   161599.855   368.658525
    11.000000     7.361966   991.709337  -114.980015   161631.765   372.791523
    12.000000     7.361966   997.059124  -115.705257   161732.520   376.491880
    13.000000     7.361966  1001.652983  -116.329092   161835.732   379.748492
    14.000000     7.361966  1005.599594  -116.869768   161907.390   382.576644
    15.000000     7.361966  1008.942269  -117.303543   161952.799   385.013824
    16.000000     7.361966  1011.748929  -117.684793   161981.615   387.111966
    17.000000     7.361966  1014.095560  -117.999661   162007.959   388.913266
    18.000000     7.361966  1016.066749  -118.244424   162050.546   390.471520
    19.000000     7.361966  1017.697621  -118.411048   162091.059   391.794887
    20.000000     7.361966  1019.034455  -118.500657   162144.538   392.934323
    21.000000     7.361966  1020.138629  -118.584028   162176.187   393.880929
    22.000000     7.361966  1021.049613  -118.616606   162230.052   394.705382
    23.000000     7.361966  1021.804671  -118.656361   162260.072   395.378206
    24.000000     7.361966  1022.418936  -118.653237   162313.053   395.972391
    25.000000     7.361966  1022.922358  -118.661072   162339.527   396.442849
    26.000000     7.361966  1023.346926  -118.662915   162370.203   396.857833
    27.000000     7.361966  1023.685766  -118.677600   162385.860   397.176591
    28.000000     7.361966  1023.997048  -118.677523   162382.062   397.454065
    29.000000     7.361966  1024.145797  -118.561496   162490.322   397.732426
    30.000000     7.361966  1024.294546  -118.445469   162598.582   398.010787
     0.000000     8.158955   995.204709     0.000000   100944.360   293.000000
     1.000000     8.158955   981.634440   -67.999687   133869.896   333.008126
     2.000000     8.158955   981.865443   -94.850242   148169.374   350.796902
     3.000000     8.158955   987.287350  -106.138562   154573.491   361.584945
     4.000000     8.158955   994.010039  -111.454652   157643.604   369.515341
     5.000000     8.158955  1000.392983  -113.656864   159605.779   375.625903
     6.000000     8.158955  1005.704293  -115.038258   160606.361   380.222124
     7.000000     8.158955  1010.085519  -115.987421   161119.099   383.776010
     8.000000     8.158955  1013.423710  -116.552609   161551.954   386.689945
     9.000000     8.158955  1016.040383  -117.008426   161844.719   389.028943
    10.000000     8.158955  1018.073824  -117.298128   162075.197   390.929738
    11.000000     8.158955  1019.656824  -117.545804   162210.598   392.442946
    12.000000     8.158955  1020.863170  -117.788878   162299.339   393.662069
    13.000000     8.158955  1021.805195  -118.001408   162366.901   394.651627
    14.000000     8.158955  1022.559665  -118.179609   162406.595   395.446117
    15.000000     8.158955  1023.149724  -118.314544   162414.188   396.074038
    16.000000     8.158955  1023.587963  -118.439625   162409.687   396.576366
    17.000000     8.158955  1023.940652  -118.569221   162389.220   396.971875
    18.000000     8.158955  1024.234884  -118.696876   162371.183   397.291899
    19.000000     8.158955  1024.468329  -118.793647   162345.846   397.543022
    20.000000     8.158955  1024.626892  -118.832001   162338.321   397.755957
    21.000000     8.158955  1024.756519  -118.865964   162328.265   397.924802
    22.000000     8.158955  1024.862938  -118.884443   162328.754   398.068476
    23.000000     8.158955  1024.952322  -118.908284   162324.090   398.179822
    24.000000     8.158955  1025.015538  -118.910076   162330.456   398.278418
    25.000000     8.158955  1025.065218  -118.904469   162339.128   398.358603
    26.000000     8.158955  1025.100299  -118.890172   162351.614   398.429704
    27.000000     8.158955  1025.131570  -118.869518   162365.919   398.487204
    28.000000     8.158955  1025.154360  -118.850203   162377.154   398.537182
    29.000000     8.158955  1025.166498  -118.815870   162399.059   398.581954
    30.000000     8.158955  1025.178637  -118.781537   162420.963   398.626726
     0.000000     9.035643   973.483324  -206.791272   230784.043   377.151055
     1.000000     9.035643  1049.171802  -181.929416   128915.339   373.244363
     2.000000     9.035643  1046.401283  -164.498112   135295.338   378.541333
     3.000000     9.035643  1041.326796  -152.072166   141700.042   383.601015
     4.000000     9.035643  1037.055544  -143.503642   146754.354   387.447249
     5.000000     9.035643  1033.940734  -137.154547   150633.000   390.324460
     6.000000     9.035643  1031.603329  -132.285688   153664.714   392.531453
     7.000000     9.035643  1029.943701  -128.783425   155873.707   394.116741
     8.000000     9.035643  1028.701260  -126.216472   157536.479   395.299000
     9.000000     9.035643  1027.794237  -124.317535   158790.112   396.185067
    10.000000     9.035643  1027.124057  -122.844753   159752.040   396.863766
    11.000000     9.035643  1026.609728  -121.707612   160476.741   397.373598
    12.000000     9.035643  1026.205916  -120.880628   161023.712   397.756613
    13.000000     9.035643  1025.916393  -120.288830   161434.987   398.043894
    14.000000     9.035643  1025.719921  -119.839395   161746.038   398.261682
    15.000000     9.035643  1025.579103  -119.505531   161955.166   398.408436
    16.000000     9.035643  1025.446985  -119.241333   162118.029   398.522732
    17.000000     9.035643  1025.370938  -119.090785   162221.260   398.594986
    18.000000     9.035643  1025.340906  -119.018379   162285.962   398.639940
    19.000000     9.035643  1025.330370  -118.981060   162312.957   398.658590
    20.000000     9.035643  1025.306160  -118.939633   162331.719   398.671736
    21.000000     9.035643  1025.296783  -118.922450   162338.171   398.676325
    22.000000     9.035643  1025.298570  -118.921401   162339.571   398.677448
    23.000000     9.035643  1025.301566  -118.925396   162338.491   398.676754
    24.000000     9.035643  1025.302771  -118.930675   162338.502   398.676753
    25.000000     9.035643  1025.302358  -118.930567   162339.475   398.677385
    26.000000     9.035643  1025.300157  -118.927236   162341.831   398.678980
    27.000000     9.035643  1025.296490  -118.919876   162345.725   398.681705
    28.000000     9.035643  1025.292364  -118.910240   162350.608   398.685144
    29.000000     9.035643  1025.287594  -118.898799   162357.255   398.689827
    30.000000     9.035643  1025.282824  -118.887358   162363.901   398.694509
     0.000000    10.000000   973.483324  -206.791272   230784.043   377.151055
     1.000000    10.000000  1049.171802  -181.929416   128915.339   373.244363
     2.000000    10.000000  1046.401283  -164.498112   135295.338   378.541333
     3.000000    10.000000  1041.326796  -152.072166   141700.042   383.601015
     4.000000    10.000000  1037.055544  -143.503642   146754.354   387.447249
     5.000000    10.000000  1033.940734  -137.154547   150633.000   390.324460
     6.000000    10.000000  1031.603329  -132.285688   153664.714   392.531453
     7.000000    10.000000  1029.943701  -128.783425   155873.707   394.116741
     8.000000    10.000000  1028.701260  -126.216472   157536.479   395.299000
     9.000000    10.000000  1027.794237  -124.317535   158790.112   396.185067
    10.000000    10.000000  1027.124057  -122.844753   159752.040   396.863766
    11.000000    10.000000  1026.609728  -121.707612   160476.741   397.373598
    12.000000    10.000000  1026.205916  -120.880628   161023.712   397.756613
    13.000000    10.000000  1025.916393  -120.288830   161434.987   398.043894
    14.000000    10.000000  1025.719921  -119.839395   161746.038   398.261682
    15.000000    10.000000  1025.579103  -119.505531   161955.166   398.408436
    16.000000    10.000000  1025.446985  -119.241333   162118.029   398.522732
    17.000000    10.000000  1025.370938  -119.090785   162221.260   398.594986
    18.000000    10.000000  1025.340906  -119.018379   162285.962   398.639940
    19.000000    10.000000  1025.330370  -118.981060   162312.957   398.658590
    20.000000    10.000000  1025.306160  -118.939633   162331.719   398.671736
    21.000000    10.000000  1025.296783  -118.922450   162338.171   398.676325
    22.000000    10.000000  1025.298570  -118.921401   162339.571   398.677448
    23.000000    10.000000  1025.301566  -118.925396   162338.491   398.676754
    24.000000    10.000000  1025.302771  -118.930675   162338.502   398.676753
    25.000000    10.000000  1025.302358  -118.930567   162339.475   398.677385
    26.000000    10.000000  1025.300157  -118.927236   162341.831   398.678980
    27.000000    10.000000  1025.296490  -118.919876   162345.725   398.681705
    28.000000    10.000000  1025.292364  -118.910240   162350.608   398.685144
    29.000000    10.000000  1025.287594  -118.898799   162357.255   398.689827
    30.000000    10.000000  1025.282825  -118.887360   162363.901   398.694509
