   0.0000000000000000     
   8.3211069548961375E-002
  0.17334622119340509     
  0.27098161521014064     
  0.37674135478884307     
  0.49130147541310870     
  0.61539426620217785     
  0.74981295083612087     
  0.89541675798581888     
   1.0531364136588439     
   1.2239800905693152     
   1.4090398525611840     
   1.6094986352788727     
   1.8266378077069831     
   2.0618453629138136     
   2.3166247903553994     
   2.5926046864534724     
   2.8915491648798772     
   3.2153691330918996     
   3.5661345072001556     
   3.9460874432486994     
   4.3576566694841121     
   4.8034730112280126     
   5.2863862075908292     
   5.8094831275223022     
   6.3761075016390389     
   6.9898812959585417     
   7.6547278641644949     
   8.3748970263968214     
   9.1549922348746797     
   10.000000000000000     
