     0.000000     0.000000   995.204709     0.000000   100944.360   293.000000
     1.000000     0.000000   995.204703     0.000000   100944.366   293.000005
     2.000000     0.000000   995.204688     0.000000   100944.385   293.000021
     3.000000     0.000000   995.204631     0.000000   100944.453   293.000077
     4.000000     0.000000   995.204416     0.000000   100944.710   293.000290
     5.000000     0.000000   995.203606     0.000000   100945.676   293.001092
     6.000000     0.000000   995.200552     0.000000   100949.325   293.004117
     7.000000     0.000000   995.189006     0.000000   100963.114   293.015551
     8.000000     0.000000   995.145070     0.000000   101015.605   293.059063
     9.000000     0.000000   994.974376     0.000000   101219.766   293.228069
    10.000000     0.000000   994.283235     0.000000   102050.278   293.911740
    11.000000     0.000000   991.320952     0.000000   105681.272   296.831671
    12.000000     0.000000   978.473305     0.000000   122626.644   309.035810
    13.000000     0.000000   929.235039     0.000000   195177.249   354.076378
    14.000000     0.000000   871.623244     0.000000   315762.057   408.791913
    15.000000     0.000000   823.332258     0.000000   429033.598   448.521277
    16.000000     0.000000   813.296863     0.000000   456555.367   456.641193
    17.000000     0.000000   810.690363     0.000000   463894.637   458.732570
    18.000000     0.000000   810.051092     0.000000   465701.582   459.243130
    19.000000     0.000000   810.031620     0.000000   465773.636   459.263539
    20.000000     0.000000   810.176557     0.000000   465362.635   459.147737
    21.000000     0.000000   810.370941     0.000000   464806.210   458.990827
    22.000000     0.000000   810.598976     0.000000   464146.915   458.804715
    23.000000     0.000000   810.856220     0.000000   463400.032   458.593618
    24.000000     0.000000   811.136534     0.000000   462591.208   458.364836
    25.000000     0.000000   811.315383     0.000000   462044.752   458.209921
    26.000000     0.000000   811.506736     0.000000   461558.329   458.071842
    27.000000     0.000000   811.545599     0.000000   461473.453   458.047395
    28.000000     0.000000   811.500173     0.000000   461601.719   458.083688
    29.000000     0.000000   811.435516     0.000000   461772.642   458.132101
    30.000000     0.000000   811.370853     0.000000   461943.574   458.180518
     0.000000     0.083211   995.204709     0.000000   100944.360   293.000000
     1.000000     0.083211   995.204703    -0.000004   100944.367   293.000005
     2.000000     0.083211   995.204687    -0.000015   100944.386   293.000022
     3.000000     0.083211   995.204626    -0.000056   100944.459   293.000082
     4.000000     0.083211   995.204398    -0.000212   100944.731   293.000308
     5.000000     0.083211   995.203540    -0.000800   100945.756   293.001158
     6.000000     0.083211   995.200299    -0.003022   100949.627   293.004368
     7.000000     0.083211   995.188050    -0.011424   100964.256   293.016498
     8.000000     0.083211   995.141408    -0.043535   101019.975   293.062685
     9.000000     0.083211   994.959875    -0.169860   101237.027   293.242352
    10.000000     0.083211   994.222344    -0.691309   102122.072   293.970695
    11.000000     0.083211   991.049718    -2.921193   105988.310   297.076160
    12.000000     0.083211   977.289776   -11.231071   123696.027   309.911139
    13.000000     0.083211   928.538284   -25.629122   194874.296   354.347382
    14.000000     0.083211   872.400618   -17.841937   311630.034   407.544791
    15.000000     0.083211   824.320583    -5.826082   425014.062   447.728968
    16.000000     0.083211   813.164324    -1.354770   455482.403   456.846718
    17.000000     0.083211   810.271622    -0.344213   463628.971   459.181893
    18.000000     0.083211   809.565135    -0.069029   465631.319   459.749975
    19.000000     0.083211   809.525185    -0.001744   465752.553   459.784379
    20.000000     0.083211   809.664028     0.046244   465357.248   459.672647
    21.000000     0.083211   809.855872     0.049464   464807.172   459.517013
    22.000000     0.083211   810.084857     0.057231   464146.640   459.329914
    23.000000     0.083211   810.342953     0.063632   463401.412   459.118567
    24.000000     0.083211   810.625326     0.057555   462595.755   458.889869
    25.000000     0.083211   810.805162     0.041291   462052.468   458.735398
    26.000000     0.083211   810.992570     0.020146   461566.643   458.597120
    27.000000     0.083211   811.031636     0.002494   461479.262   458.571934
    28.000000     0.083211   810.987651    -0.014243   461603.683   458.607248
    29.000000     0.083211   810.924496    -0.012760   461771.584   458.654943
    30.000000     0.083211   810.861341    -0.011276   461939.485   458.702638
     0.000000     0.173346   995.204709     0.000000   100944.360   293.000000
     1.000000     0.173346   995.204703    -0.000007   100944.367   293.000006
     2.000000     0.173346   995.204685    -0.000028   100944.388   293.000023
     3.000000     0.173346   995.204621    -0.000106   100944.465   293.000087
     4.000000     0.173346   995.204379    -0.000400   100944.754   293.000327
     5.000000     0.173346   995.203467    -0.001508   100945.843   293.001230
     6.000000     0.173346   995.200025    -0.005693   100949.954   293.004639
     7.000000     0.173346   995.187014    -0.021517   100965.493   293.017524
     8.000000     0.173346   995.137442    -0.081964   101024.707   293.066607
     9.000000     0.173346   994.944168    -0.319397   101255.724   293.257823
    10.000000     0.173346   994.156386    -1.297349   102199.840   294.034556
    11.000000     0.173346   990.755914    -5.485374   106320.897   297.340993
    12.000000     0.173346   976.007764   -21.377021   124854.394   310.859305
    13.000000     0.173346   927.783551   -51.058683   194546.133   354.640936
    14.000000     0.173346   873.242678   -37.759243   307154.181   406.193894
    15.000000     0.173346   825.391147   -13.452272   420660.057   446.870730
    16.000000     0.173346   813.020756    -3.260446   454320.157   457.069346
    17.000000     0.173346   809.818037    -0.828179   463341.199   459.668605
    18.000000     0.173346   809.038742    -0.173343   465555.209   460.298995
    19.000000     0.173346   808.976609    -0.013165   465729.716   460.348559
    20.000000     0.173346   809.108851     0.091335   465351.413   460.241235
    21.000000     0.173346   809.297943     0.099562   464808.213   460.086983
    22.000000     0.173346   809.527956     0.115256   464146.342   459.898816
    23.000000     0.173346   809.786975     0.128205   463402.908   459.687198
    24.000000     0.173346   810.071579     0.116934   462600.680   459.458591
    25.000000     0.173346   810.252485     0.085737   462060.826   459.304600
    26.000000     0.173346   810.435619     0.043509   461575.649   459.166106
    27.000000     0.173346   810.474905     0.007143   461485.555   459.140119
    28.000000     0.173346   810.432482    -0.027502   461605.811   459.174375
    29.000000     0.173346   810.370954    -0.025789   461770.439   459.221292
    30.000000     0.173346   810.309426    -0.024075   461935.068   459.268208
     0.000000     0.270982   995.204709     0.000000   100944.360   293.000000
     1.000000     0.270982   995.204702    -0.000012   100944.368   293.000007
     2.000000     0.270982   995.204681    -0.000048   100944.393   293.000027
     3.000000     0.270982   995.204606    -0.000179   100944.483   293.000102
     4.000000     0.270982   995.204323    -0.000672   100944.821   293.000382
     5.000000     0.270982   995.203255    -0.002535   100946.096   293.001440
     6.000000     0.270982   995.199224    -0.009571   100950.910   293.005432
     7.000000     0.270982   995.183986    -0.036180   100969.109   293.020522
     8.000000     0.270982   995.125866    -0.137876   101038.530   293.078058
     9.000000     0.270982   994.898635    -0.537721   101310.072   293.302691
    10.000000     0.270982   993.968499    -2.184252   102423.719   294.216770
    11.000000     0.270982   989.949863    -9.168324   107272.295   298.073894
    12.000000     0.270982   972.903110   -34.425170   128182.952   313.232691
    13.000000     0.270982   926.027984   -77.853692   195393.691   355.546517
    14.000000     0.270982   874.456035   -58.745640   299431.559   403.455912
    15.000000     0.270982   828.104301   -21.868374   412402.138   444.733770
    16.000000     0.270982   813.491710    -5.483685   451947.278   456.956553
    17.000000     0.270982   809.650413    -1.395112   462729.726   460.086719
    18.000000     0.270982   808.707479    -0.298160   465395.587   460.848924
    19.000000     0.270982   808.609536    -0.022852   465674.396   460.928272
    20.000000     0.270982   808.732059     0.139097   465325.839   460.828987
    21.000000     0.270982   808.914771     0.154664   464803.375   460.680054
    22.000000     0.270982   809.146343     0.181076   464139.041   460.490515
    23.000000     0.270982   809.404367     0.199302   463399.494   460.279259
    24.000000     0.270982   809.685982     0.180496   462606.817   460.052560
    25.000000     0.270982   809.862318     0.131914   462076.581   459.900752
    26.000000     0.270982   810.046092     0.067804   461592.229   459.762118
    27.000000     0.270982   810.087406     0.010964   461499.109   459.735268
    28.000000     0.270982   810.047531    -0.043071   461612.554   459.767724
    29.000000     0.270982   809.988681    -0.039743   461769.534   459.812640
    30.000000     0.270982   809.929832    -0.036415   461926.514   459.857555
     0.000000     0.376741   995.204709     0.000000   100944.360   293.000000
     1.000000     0.376741   995.204700    -0.000017   100944.370   293.000008
     2.000000     0.376741   995.204676    -0.000070   100944.399   293.000033
     3.000000     0.376741   995.204584    -0.000261   100944.508   293.000123
     4.000000     0.376741   995.204242    -0.000983   100944.918   293.000462
     5.000000     0.376741   995.202949    -0.003708   100946.462   293.001743
     6.000000     0.376741   995.198068    -0.014000   100952.291   293.006577
     7.000000     0.376741   995.179611    -0.052921   100974.333   293.024853
     8.000000     0.376741   995.109115    -0.201746   101058.526   293.094623
     9.000000     0.376741   994.832416    -0.787381   101389.015   293.367871
    10.000000     0.376741   993.692984    -3.197230   102750.512   294.482836
    11.000000     0.376741   988.763052   -13.301016   108646.338   299.131494
    12.000000     0.376741   968.493057   -47.930294   132658.089   316.628022
    13.000000     0.376741   923.453177  -103.374077   196068.435   356.813592
    14.000000     0.376741   876.205827   -81.102887   288736.049   399.601738
    15.000000     0.376741   832.679046   -32.324800   399729.050   441.090170
    16.000000     0.376741   814.543304    -8.443719   448116.001   456.475560
    17.000000     0.376741   809.653009    -2.161413   461704.991   460.460713
    18.000000     0.376741   808.433378    -0.475621   465130.199   461.444539
    19.000000     0.376741   808.269277    -0.046792   465593.417   461.576726
    20.000000     0.376741   808.372148     0.185225   465301.369   461.493070
    21.000000     0.376741   808.547744     0.210384   464800.176   461.349551
    22.000000     0.376741   808.781275     0.251106   464131.526   461.157974
    23.000000     0.376741   809.037715     0.273012   463398.061   460.947525
    24.000000     0.376741   809.314957     0.246835   462617.740   460.723377
    25.000000     0.376741   809.489202     0.181206   462099.528   460.574125
    26.000000     0.376741   809.674026     0.094148   461617.177   460.435672
    27.000000     0.376741   809.716842     0.016026   461518.489   460.407222
    28.000000     0.376741   809.680244    -0.056806   461620.926   460.436685
    29.000000     0.376741   809.624394    -0.053352   461767.442   460.478777
    30.000000     0.376741   809.568543    -0.049898   461913.957   460.520869
     0.000000     0.491301   995.204709     0.000000   100944.360   293.000000
     1.000000     0.491301   995.204698    -0.000025   100944.373   293.000011
     2.000000     0.491301   995.204666    -0.000102   100944.411   293.000042
     3.000000     0.491301   995.204548    -0.000382   100944.552   293.000159
     4.000000     0.491301   995.204105    -0.001437   100945.080   293.000597
     5.000000     0.491301   995.202434    -0.005421   100947.077   293.002253
     6.000000     0.491301   995.196123    -0.020468   100954.613   293.008503
     7.000000     0.491301   995.172256    -0.077375   100983.116   293.032134
     8.000000     0.491301   995.080958    -0.295179   101092.137   293.122454
     9.000000     0.491301   994.721299    -1.153721   101521.488   293.477057
    10.000000     0.491301   993.233502    -4.681936   103295.515   294.923643
    11.000000     0.491301   986.819033   -19.139972   110890.879   300.775232
    12.000000     0.491301   961.969014   -64.254911   139603.283   321.582980
    13.000000     0.491301   919.724231  -127.425959   197869.431   358.402865
    14.000000     0.491301   879.994047  -104.153035   275822.514   394.666109
    15.000000     0.491301   838.502029   -46.088279   381894.029   435.492659
    16.000000     0.491301   815.458132   -12.583670   442271.251   455.363177
    17.000000     0.491301   808.954514    -3.263161   460077.429   460.637418
    18.000000     0.491301   807.290935    -0.722903   464674.642   461.960733
    19.000000     0.491301   807.010467    -0.079477   465453.611   462.183029
    20.000000     0.491301   807.087243     0.220236   465241.628   462.122047
    21.000000     0.491301   807.250298     0.271878   464786.025   461.991351
    22.000000     0.491301   807.488836     0.331671   464116.383   461.799312
    23.000000     0.491301   807.747200     0.353308   463392.492   461.591414
    24.000000     0.491301   808.022197     0.317253   462631.751   461.372691
    25.000000     0.491301   808.197211     0.233011   462131.626   461.228548
    26.000000     0.491301   808.383112     0.122933   461651.843   461.090519
    27.000000     0.491301   808.427402     0.021173   461547.184   461.060255
    28.000000     0.491301   808.395175    -0.071391   461634.483   461.085364
    29.000000     0.491301   808.343712    -0.067145   461765.565   461.123041
    30.000000     0.491301   808.292248    -0.062900   461896.647   461.160718
     0.000000     0.615394   995.204709     0.000000   100944.360   293.000000
     1.000000     0.615394   995.204694    -0.000036   100944.377   293.000014
     2.000000     0.615394   995.204651    -0.000145   100944.428   293.000057
     3.000000     0.615394   995.204493    -0.000546   100944.617   293.000214
     4.000000     0.615394   995.203898    -0.002054   100945.329   293.000803
     5.000000     0.615394   995.201649    -0.007750   100948.015   293.003031
     6.000000     0.615394   995.193156    -0.029260   100958.156   293.011440
     7.000000     0.615394   995.161033    -0.110614   100996.516   293.043242
     8.000000     0.615394   995.037907    -0.422266   101143.514   293.164982
     9.000000     0.615394   994.550626    -1.652194   101724.768   293.644363
    10.000000     0.615394   992.525268    -6.685352   104132.414   295.596919
    11.000000     0.615394   983.879787   -26.614260   114226.836   303.276321
    12.000000     0.615394   953.770047   -82.034771   148652.374   328.034154
    13.000000     0.615394   915.097367  -148.226490   199890.978   360.112332
    14.000000     0.615394   883.276461  -126.768350   261714.209   389.249261
    15.000000     0.615394   845.916150   -64.042080   357755.413   427.394435
    16.000000     0.615394   816.822985   -18.452198   433462.508   453.137605
    17.000000     0.615394   808.131186    -4.829832   457409.036   460.348984
    18.000000     0.615394   805.798871    -1.113046   463953.620   462.242650
    19.000000     0.615394   805.338795    -0.147177   465250.195   462.613492
    20.000000     0.615394   805.369851     0.238808   465165.955   462.588901
    21.000000     0.615394   805.513351     0.330376   464764.291   462.473522
    22.000000     0.615394   805.748712     0.417260   464102.257   462.283537
    23.000000     0.615394   806.001942     0.435404   463391.173   462.079173
    24.000000     0.615394   806.265398     0.388698   462654.629   461.867264
    25.000000     0.615394   806.437725     0.287188   462173.878   461.728691
    26.000000     0.615394   806.620329     0.155112   461697.423   461.591235
    27.000000     0.615394   806.665673     0.027779   461584.734   461.558737
    28.000000     0.615394   806.641052    -0.081520   461652.070   461.578233
    29.000000     0.615394   806.597648    -0.080036   461762.971   461.610294
    30.000000     0.615394   806.554243    -0.078552   461873.873   461.642355
     0.000000     0.749813   995.204709     0.000000   100944.360   293.000000
     1.000000     0.749813   995.204689    -0.000053   100944.384   293.000020
     2.000000     0.749813   995.204628    -0.000211   100944.456   293.000080
     3.000000     0.749813   995.204406    -0.000793   100944.722   293.000300
     4.000000     0.749813   995.203569    -0.002986   100945.721   293.001129
     5.000000     0.749813   995.200406    -0.011273   100949.498   293.004261
     6.000000     0.749813   995.188467    -0.042560   100963.756   293.016084
     7.000000     0.749813   995.143291    -0.160894   101017.699   293.060797
     8.000000     0.749813   994.969802    -0.614758   101224.771   293.232194
     9.000000     0.749813   994.280562    -2.407956   102046.134   293.908075
    10.000000     0.749813   991.412170    -9.686069   105442.760   296.640029
    11.000000     0.749813   979.434346   -36.958828   119193.383   306.964142
    12.000000     0.749813   944.409394  -101.722711   160830.299   336.366133
    13.000000     0.749813   909.209576  -162.669163   203947.344   362.724370
    14.000000     0.749813   886.281002  -147.490826   248245.177   383.831479
    15.000000     0.749813   854.221483   -87.592403   328843.814   416.899434
    16.000000     0.749813   821.688629   -27.582191   419808.828   449.188246
    17.000000     0.749813   809.466866    -7.311561   453250.059   459.575127
    18.000000     0.749813   806.048825    -1.745653   462795.470   462.370803
    19.000000     0.749813   805.294968    -0.261347   464913.651   462.980821
    20.000000     0.749813   805.245961     0.237315   465054.341   463.020276
    21.000000     0.749813   805.361935     0.401378   464725.735   462.925550
    22.000000     0.749813   805.589544     0.514850   464079.026   462.739597
    23.000000     0.749813   805.833193     0.525264   463386.390   462.540109
    24.000000     0.749813   806.078538     0.462638   462686.642   462.338432
    25.000000     0.749813   806.243152     0.343853   462226.826   462.205517
    26.000000     0.749813   806.419712     0.190013   461757.615   462.069792
    27.000000     0.749813   806.466925     0.035139   461634.312   462.034332
    28.000000     0.749813   806.451014    -0.089866   461675.329   462.046557
    29.000000     0.749813   806.414973    -0.091293   461763.143   462.072412
    30.000000     0.749813   806.378933    -0.092719   461850.957   462.098267
     0.000000     0.895417   995.204709     0.000000   100944.360   293.000000
     1.000000     0.895417   995.204680    -0.000078   100944.395   293.000029
     2.000000     0.895417   995.204592    -0.000311   100944.499   293.000115
     3.000000     0.895417   995.204270    -0.001172   100944.884   293.000435
     4.000000     0.895417   995.203054    -0.004416   100946.336   293.001639
     5.000000     0.895417   995.198459    -0.016679   100951.823   293.006189
     6.000000     0.895417   995.181117    -0.062960   100972.533   293.023361
     7.000000     0.895417   995.115481    -0.238008   101050.898   293.088304
     8.000000     0.895417   994.862862    -0.910165   101352.295   293.337567
     9.000000     0.895417   993.855561    -3.565272   102550.809   294.320579
    10.000000     0.895417   989.672540   -14.168673   107472.984   298.232558
    11.000000     0.895417   972.958752   -50.751700   126313.630   312.251914
    12.000000     0.895417   931.481507  -120.913043   175372.178   345.921446
    13.000000     0.895417   904.434360  -173.668959   207169.697   364.739564
    14.000000     0.895417   888.478181  -165.325510   236887.931   379.042516
    15.000000     0.895417   865.012981  -114.798123   298709.135   405.327447
    16.000000     0.895417   830.110211   -41.823526   396910.093   442.348585
    17.000000     0.895417   811.637105   -11.258233   446379.244   458.293778
    18.000000     0.895417   806.389095    -2.786206   460875.762   462.575180
    19.000000     0.895417   805.128169    -0.487845   464381.067   463.585352
    20.000000     0.895417   804.947568     0.208648   464890.095   463.729751
    21.000000     0.895417   805.033145     0.446787   464648.313   463.658973
    22.000000     0.895417   805.244846     0.616706   464049.737   463.485421
    23.000000     0.895417   805.479936     0.616941   463386.941   463.292993
    24.000000     0.895417   805.709952     0.537834   462731.220   463.102243
    25.000000     0.895417   805.869708     0.402983   462290.724   462.973879
    26.000000     0.895417   806.041521     0.227806   461833.160   462.840470
    27.000000     0.895417   806.095911     0.044478   461696.374   462.800965
    28.000000     0.895417   806.092276    -0.092563   461703.388   462.803291
    29.000000     0.895417   806.066314    -0.101943   461762.549   462.820724
    30.000000     0.895417   806.040351    -0.111323   461821.711   462.838158
     0.000000     1.053136   995.204709     0.000000   100944.360   293.000000
     1.000000     1.053136   995.204665    -0.000118   100944.412   293.000043
     2.000000     1.053136   995.204534    -0.000472   100944.569   293.000173
     3.000000     1.053136   995.204048    -0.001778   100945.149   293.000654
     4.000000     1.053136   995.202218    -0.006707   100947.334   293.002467
     5.000000     1.053136   995.195300    -0.025338   100955.596   293.009318
     6.000000     1.053136   995.169195    -0.095623   100986.768   293.035162
     7.000000     1.053136   995.070366    -0.361432   101104.742   293.132898
     8.000000     1.053136   994.689115    -1.382904   101559.311   293.508345
     9.000000     1.053136   993.164945    -5.405204   103368.316   294.984716
    10.000000     1.053136   986.890690   -20.994080   110676.459   300.671366
    11.000000     1.053136   963.762699   -68.680438   136365.292   319.596150
    12.000000     1.053136   920.550456  -137.019144   189343.829   354.463956
    13.000000     1.053136   900.248994  -179.235442   211890.085   367.207510
    14.000000     1.053136   889.587730  -177.123016   230459.428   376.227418
    15.000000     1.053136   874.772140  -142.660194   270610.196   393.913447
    16.000000     1.053136   841.115253   -64.954392   364286.959   431.051834
    17.000000     1.053136   814.473639   -18.058066   435420.850   455.302337
    18.000000     1.053136   806.486144    -4.600579   457665.918   461.982575
    19.000000     1.053136   804.441825    -0.911900   463473.920   463.663035
    20.000000     1.053136   804.032800     0.142017   464620.595   463.990770
    21.000000     1.053136   804.066310     0.479479   464526.499   463.963409
    22.000000     1.053136   804.253086     0.722147   464002.161   463.812750
    23.000000     1.053136   804.472782     0.713810   463387.758   463.636025
    24.000000     1.053136   804.684429     0.614083   462790.260   463.463925
    25.000000     1.053136   804.840034     0.464383   462365.657   463.341322
    26.000000     1.053136   805.004910     0.268873   461924.491   463.213958
    27.000000     1.053136   805.066823     0.055523   461776.588   463.171473
    28.000000     1.053136   805.078031    -0.090059   461736.485   463.160104
    29.000000     1.053136   805.063396    -0.106551   461769.702   463.169824
    30.000000     1.053136   805.048761    -0.123044   461802.920   463.179545
     0.000000     1.223980   995.204709     0.000000   100944.360   293.000000
     1.000000     1.223980   995.204641    -0.000184   100944.441   293.000067
     2.000000     1.223980   995.204436    -0.000736   100944.685   293.000270
     3.000000     1.223980   995.203681    -0.002777   100945.587   293.001017
     4.000000     1.223980   995.200831    -0.010484   100948.991   293.003841
     5.000000     1.223980   995.190054    -0.039616   100961.860   293.014512
     6.000000     1.223980   995.149412    -0.149437   101010.388   293.054740
     7.000000     1.223980   994.995499    -0.564643   101194.062   293.206824
     8.000000     1.223980   994.400384    -2.160002   101902.817   293.791004
     9.000000     1.223980   992.020082    -8.387924   104715.874   296.069277
    10.000000     1.223980   982.419274   -31.289684   115719.389   304.504845
    11.000000     1.223980   951.797357   -90.538763   150005.475   329.256568
    12.000000     1.223980   911.213851  -150.470480   201683.532   361.453618
    13.000000     1.223980   896.499243  -182.120576   216654.636   369.626266
    14.000000     1.223980   889.848009  -184.466541   227414.407   374.885203
    15.000000     1.223980   881.689935  -165.342069   249545.786   384.956177
    16.000000     1.223980   854.821854   -97.019066   323453.077   415.699176
    17.000000     1.223980   823.095289   -30.055603   416289.059   449.254152
    18.000000     1.223980   809.987621    -7.808769   451967.291   460.432762
    19.000000     1.223980   806.377640    -1.722845   461886.583   463.353366
    20.000000     1.223980   805.568850    -0.015435   464167.921   464.010350
    21.000000     1.223980   805.486187     0.471388   464357.501   464.064216
    22.000000     1.223980   805.626798     0.835703   463943.167   463.945238
    23.000000     1.223980   805.809668     0.812211   463404.242   463.790405
    24.000000     1.223980   805.989913     0.691943   462866.365   463.635697
    25.000000     1.223980   806.133906     0.529249   462452.531   463.516546
    26.000000     1.223980   806.279551     0.312509   462035.684   463.396699
    27.000000     1.223980   806.347988     0.073243   461871.676   463.349555
    28.000000     1.223980   806.380243    -0.083484   461777.689   463.322893
    29.000000     1.223980   806.375133    -0.106883   461780.019   463.324034
    30.000000     1.223980   806.370023    -0.130281   461782.350   463.325175
     0.000000     1.409040   995.204709     0.000000   100944.360   293.000000
     1.000000     1.409040   995.204599    -0.000296   100944.491   293.000108
     2.000000     1.409040   995.204270    -0.001187   100944.884   293.000434
     3.000000     1.409040   995.203053    -0.004483   100946.338   293.001640
     4.000000     1.409040   995.198451    -0.016942   100951.833   293.006198
     5.000000     1.409040   995.181058    -0.064018   100972.603   293.023419
     6.000000     1.409040   995.115510    -0.241306   101050.855   293.088273
     7.000000     1.409040   994.867209    -0.911057   101347.008   293.333277
     8.000000     1.409040   993.905370    -3.478618   102490.201   294.272411
     9.000000     1.409040   990.073059   -13.312504   106985.048   297.860324
    10.000000     1.409040   975.266234   -46.436457   123587.544   310.420321
    11.000000     1.409040   938.680899  -117.050209   166645.341   340.519125
    12.000000     1.409040   903.584013  -159.862705   211994.698   367.076813
    13.000000     1.409040   893.231203  -182.685526   221645.424   372.122248
    14.000000     1.409040   889.718091  -188.054243   226819.032   374.659098
    15.000000     1.409040   885.601470  -179.475296   237235.442   379.552743
    16.000000     1.409040   869.576125  -132.773040   283697.876   399.830575
    17.000000     1.409040   834.168312   -52.549130   383116.714   438.810905
    18.000000     1.409040   812.274901   -13.871798   441618.340   458.122146
    19.000000     1.409040   805.994558    -3.294837   458953.500   463.276175
    20.000000     1.409040   804.415204    -0.367867   463348.654   464.545474
    21.000000     1.409040   804.159648     0.428724   464067.864   464.750014
    22.000000     1.409040   804.253946     0.909023   463811.957   464.673662
    23.000000     1.409040   804.400116     0.896985   463413.138   464.555797
    24.000000     1.409040   804.567656     0.771508   462956.776   464.421204
    25.000000     1.409040   804.714230     0.597684   462549.441   464.301626
    26.000000     1.409040   804.863364     0.358369   462168.098   464.190125
    27.000000     1.409040   804.937177     0.096107   461986.407   464.137288
    28.000000     1.409040   804.999471    -0.069891   461826.953   464.091551
    29.000000     1.409040   805.006062    -0.101086   461794.311   464.082219
    30.000000     1.409040   805.012653    -0.132280   461761.670   464.072887
     0.000000     1.609499   995.204709     0.000000   100944.360   293.000000
     1.000000     1.609499   995.204526    -0.000495   100944.578   293.000181
     2.000000     1.609499   995.203976    -0.001984   100945.235   293.000725
     3.000000     1.609499   995.201939    -0.007500   100947.668   293.002743
     4.000000     1.609499   995.194230    -0.028372   100956.873   293.010377
     5.000000     1.609499   995.165112    -0.107186   100991.642   293.039203
     6.000000     1.609499   995.055485    -0.403545   101122.481   293.147599
     7.000000     1.609499   994.640157    -1.521076   101617.346   293.556396
     8.000000     1.609499   993.030462    -5.776433   103523.346   295.113671
     9.000000     1.609499   986.696016   -21.467659   110853.953   300.877404
    10.000000     1.609499   964.354795   -67.570804   135501.229   319.174105
    11.000000     1.609499   924.010998  -140.059685   182860.495   350.966776
    12.000000     1.609499   898.259736  -168.112019   218143.395   370.337075
    13.000000     1.609499   890.769119  -182.487292   226073.278   374.285140
    14.000000     1.609499   889.188165  -188.580705   227982.844   375.267890
    15.000000     1.609499   887.238969  -186.094367   232041.371   377.260023
    16.000000     1.609499   879.544268  -162.703263   254262.269   387.384097
    17.000000     1.609499   850.625493   -88.425564   335235.610   421.020174
    18.000000     1.609499   819.088720   -25.284081   422767.211   452.211182
    19.000000     1.609499   807.836435    -6.427279   453380.215   461.709910
    20.000000     1.609499   804.769071    -1.144467   461788.850   464.181611
    21.000000     1.609499   804.123969     0.288445   463581.968   464.697276
    22.000000     1.609499   804.101441     0.931114   463632.832   464.711663
    23.000000     1.609499   804.171811     0.975052   463432.091   464.653831
    24.000000     1.609499   804.303648     0.853926   463060.150   464.546861
    25.000000     1.609499   804.441231     0.667377   462666.618   464.433612
    26.000000     1.609499   804.570705     0.404211   462331.654   464.337355
    27.000000     1.609499   804.652783     0.129758   462113.771   464.274662
    28.000000     1.609499   804.738834    -0.046225   461886.319   464.209429
    29.000000     1.609499   804.758142    -0.088230   461815.490   464.189301
    30.000000     1.609499   804.777451    -0.130236   461744.660   464.169174
     0.000000     1.826638   995.204709     0.000000   100944.360   293.000000
     1.000000     1.826638   995.204392    -0.000858   100944.739   293.000314
     2.000000     1.826638   995.203437    -0.003444   100945.879   293.001260
     3.000000     1.826638   995.199891    -0.013040   100950.113   293.004771
     4.000000     1.826638   995.186465    -0.049378   100966.146   293.018066
     5.000000     1.826638   995.135801    -0.186420   101026.632   293.068205
     6.000000     1.826638   994.945315    -0.700530   101253.854   293.256328
     7.000000     1.826638   994.223943    -2.631359   102111.664   293.963183
     8.000000     1.826638   991.435449    -9.868153   105389.764   296.615891
     9.000000     1.826638   980.792060   -34.730475   117446.701   305.949199
    10.000000     1.826638   949.373390   -94.684718   152522.685   331.200223
    11.000000     1.826638   912.381851  -157.679996   197218.067   359.316172
    12.000000     1.826638   894.746132  -175.364442   221845.186   372.218034
    13.000000     1.826638   889.339638  -182.050442   229735.850   376.062357
    14.000000     1.826638   888.613333  -187.876955   229589.606   376.107250
    15.000000     1.826638   887.616381  -187.944238   230908.284   376.853440
    16.000000     1.826638   884.143288  -179.011218   239424.565   380.923367
    17.000000     1.826638   866.958870  -130.180799   287056.811   401.940222
    18.000000     1.826638   830.762691   -50.199026   386562.382   441.008299
    19.000000     1.826638   809.973373   -13.060024   442099.938   459.316152
    20.000000     1.826638   803.955381    -2.848920   458585.570   464.239612
    21.000000     1.826638   802.498051    -0.071839   462619.418   465.407564
    22.000000     1.826638   802.226717     0.876233   463364.278   465.617872
    23.000000     1.826638   802.237760     0.990963   463381.501   465.617453
    24.000000     1.826638   802.325844     0.932310   463152.485   465.545997
    25.000000     1.826638   802.453384     0.740689   462811.674   465.442999
    26.000000     1.826638   802.572611     0.455675   462521.065   465.356098
    27.000000     1.826638   802.676297     0.175914   462251.955   465.277003
    28.000000     1.826638   802.788823    -0.009943   461957.624   465.192466
    29.000000     1.826638   802.823399    -0.066517   461845.888   465.160565
    30.000000     1.826638   802.857974    -0.123091   461734.153   465.128664
     0.000000     2.061845   995.204709     0.000000   100944.360   293.000000
     1.000000     2.061845   995.204135    -0.001551   100945.045   293.000568
     2.000000     2.061845   995.202407    -0.006228   100947.109   293.002280
     3.000000     2.061845   995.195978    -0.023621   100954.786   293.008646
     4.000000     2.061845   995.171611    -0.089522   100983.882   293.032771
     5.000000     2.061845   995.079820    -0.337506   101093.436   293.123557
     6.000000     2.061845   994.735348    -1.264307   101503.886   293.462983
     7.000000     2.061845   993.433135    -4.714803   103046.213   294.728508
     8.000000     2.061845   988.448156   -17.218126   108826.701   299.347318
     9.000000     2.061845   970.752244   -55.212690   128409.685   314.168029
    10.000000     2.061845   932.504241  -123.784569   173994.847   345.428861
    11.000000     2.061845   903.476712  -169.578416   208064.858   365.344137
    12.000000     2.061845   892.570645  -181.376197   223770.175   373.254734
    13.000000     2.061845   888.742354  -183.908657   230622.883   376.604359
    14.000000     2.061845   887.618130  -186.621840   231276.416   377.039328
    15.000000     2.061845   886.842892  -187.866901   231325.307   377.224842
    16.000000     2.061845   885.355122  -185.168263   233952.101   378.659974
    17.000000     2.061845   877.822361  -163.164829   254021.565   387.994317
    18.000000     2.061845   848.807473   -90.781975   331847.742   420.857220
    19.000000     2.061845   817.657358   -26.681452   419377.394   452.534034
    20.000000     2.061845   805.578568    -6.638778   451816.323   462.717288
    21.000000     2.061845   802.296144    -1.037836   460692.723   465.347634
    22.000000     2.061845   801.525052     0.674216   462811.668   465.958073
    23.000000     2.061845   801.348145     0.956690   463299.996   466.097128
    24.000000     2.061845   801.394994     0.988333   463171.977   466.058441
    25.000000     2.061845   801.465576     0.805507   462983.428   466.002312
    26.000000     2.061845   801.558519     0.508094   462739.840   465.930996
    27.000000     2.061845   801.684144     0.241683   462406.252   465.834126
    28.000000     2.061845   801.821155     0.040940   462044.191   465.729930
    29.000000     2.061845   801.870727    -0.034394   461889.857   465.685672
    30.000000     2.061845   801.920299    -0.109729   461735.524   465.641414
     0.000000     2.316625   995.204709     0.000000   100944.360   293.000000
     1.000000     2.316625   995.203627    -0.002925   100945.652   293.001071
     2.000000     2.316625   995.200359    -0.011761   100949.554   293.004308
     3.000000     2.316625   995.188178    -0.044690   100964.100   293.016369
     4.000000     2.316625   995.141995    -0.169465   101019.236   293.062078
     5.000000     2.316625   994.968487    -0.637246   101226.187   293.233480
     6.000000     2.316625   994.319144    -2.373948   101998.084   293.870488
     7.000000     2.316625   991.876653    -8.720173   104867.249   296.207343
     8.000000     2.316625   982.772264   -30.213489   115177.034   304.308774
     9.000000     2.316625   955.369749   -84.033291   145594.879   326.589883
    10.000000     2.316625   916.342940  -146.972055   193459.512   357.236251
    11.000000     2.316625   897.746194  -176.273519   216433.223   369.663203
    12.000000     2.316625   891.253185  -186.031291   224713.298   373.793414
    13.000000     2.316625   888.352639  -186.220299   230297.582   376.571450
    14.000000     2.316625   886.841138  -186.784028   231678.521   377.392220
    15.000000     2.316625   886.145216  -187.457602   231774.289   377.670717
    16.000000     2.316625   885.272349  -186.713793   232528.508   378.334777
    17.000000     2.316625   881.843011  -178.871426   239420.455   381.910781
    18.000000     2.316625   866.540712  -136.898095   279510.441   400.195240
    19.000000     2.316625   831.111259   -57.747742   374437.335   438.569623
    20.000000     2.316625   807.513050   -15.494822   437037.912   459.830938
    21.000000     2.316625   800.429333    -3.383602   456310.861   465.679638
    22.000000     2.316625   798.489632     0.058622   461623.625   467.228576
    23.000000     2.316625   797.972930     0.815870   463061.847   467.639278
    24.000000     2.316625   797.962798     0.989001   463114.418   467.647135
    25.000000     2.316625   797.963389     0.820970   463169.205   467.655027
    26.000000     2.316625   798.049834     0.569485   462954.750   467.587730
    27.000000     2.316625   798.198173     0.331612   462571.094   467.473069
    28.000000     2.316625   798.360363     0.107882   462151.171   467.350699
    29.000000     2.316625   798.426664     0.009664   461952.252   467.293374
    30.000000     2.316625   798.492964    -0.088554   461753.332   467.236050
     0.000000     2.592605   995.204709     0.000000   100944.360   293.000000
     1.000000     2.592605   995.202572    -0.005774   100946.912   293.002116
     2.000000     2.592605   995.196104    -0.023247   100954.635   293.008521
     3.000000     2.592605   995.171934    -0.088527   100983.496   293.032452
     4.000000     2.592605   995.080324    -0.335649   101092.821   293.123060
     5.000000     2.592605   994.737552    -1.256266   101501.070   293.460834
     6.000000     2.592605   993.460490    -4.631427   103011.346   294.702593
     7.000000     2.592605   988.717851   -16.488713   108490.529   299.115954
     8.000000     2.592605   972.263671   -51.905523   126615.836   313.017476
     9.000000     2.592605   936.507932  -118.843594   169049.447   342.370160
    10.000000     2.592605   904.950788  -163.309099   208155.755   365.392975
    11.000000     2.592605   893.638413  -179.766344   223067.216   373.006283
    12.000000     2.592605   890.056801  -187.311648   226864.887   374.989563
    13.000000     2.592605   887.958584  -188.308428   229563.359   376.462384
    14.000000     2.592605   886.233176  -187.654375   231266.850   377.516726
    15.000000     2.592605   885.223249  -187.532130   231755.628   378.083327
    16.000000     2.592605   883.846854  -187.032219   232085.514   378.684839
    17.000000     2.592605   882.312888  -184.369507   234276.740   380.280980
    18.000000     2.592605   876.190232  -167.543765   249245.326   387.756884
    19.000000     2.592605   851.186350  -104.435114   314459.452   416.346123
    20.000000     2.592605   819.236382   -35.918517   404505.584   450.262337
    21.000000     2.592605   803.630608    -9.282953   446110.062   463.713823
    22.000000     2.592605   798.956374    -1.585391   458732.180   467.505125
    23.000000     2.592605   797.633944     0.409476   462325.490   468.550485
    24.000000     2.592605   797.387736     0.905952   462959.308   468.731408
    25.000000     2.592605   797.262766     0.789552   463338.202   468.837859
    26.000000     2.592605   797.338714     0.644910   463142.663   468.778179
    27.000000     2.592605   797.488301     0.442217   462746.575   468.661024
    28.000000     2.592605   797.660491     0.197155   462290.891   468.527654
    29.000000     2.592605   797.745381     0.069474   462039.677   468.454554
    30.000000     2.592605   797.830270    -0.058208   461788.464   468.381453
     0.000000     2.891549   995.204709     0.000000   100944.360   293.000000
     1.000000     2.891549   995.200281    -0.011953   100949.647   293.004385
     2.000000     2.891549   995.186844    -0.048224   100965.693   293.017691
     3.000000     2.891549   995.136487    -0.184048   101025.806   293.067527
     4.000000     2.891549   994.945922    -0.696735   101253.011   293.255737
     5.000000     2.891549   994.237338    -2.585313   102094.111   293.950322
     6.000000     2.891549   991.619123    -9.334869   105155.185   296.451239
     7.000000     2.891549   982.222163   -31.210727   115700.796   304.801186
     8.000000     2.891549   955.011696   -84.285320   145835.894   327.006416
     9.000000     2.891549   917.637439  -146.943855   191395.198   356.280087
    10.000000     2.891549   898.161300  -174.337211   216595.408   369.889437
    11.000000     2.891549   890.800392  -182.419699   227053.480   375.120499
    12.000000     2.891549   888.154473  -187.268191   228962.159   376.243523
    13.000000     2.891549   886.444938  -188.564826   230004.120   377.011975
    14.000000     2.891549   885.123403  -188.370089   230709.319   377.711270
    15.000000     2.891549   883.717274  -187.868978   231375.957   378.514072
    16.000000     2.891549   882.514194  -187.264386   231591.895   379.266010
    17.000000     2.891549   881.550236  -186.109853   232491.035   380.492962
    18.000000     2.891549   879.319792  -180.436505   237309.175   383.370425
    19.000000     2.891549   869.024985  -151.236650   264348.917   396.161208
    20.000000     2.891549   839.602939   -78.791860   345312.891   430.039727
    21.000000     2.891549   810.334673   -23.451026   422989.572   457.777947
    22.000000     2.891549   799.739106    -5.827317   451484.446   466.642041
    23.000000     2.891549   796.488141    -0.779057   460298.516   469.256258
    24.000000     2.891549   795.674049     0.596585   462490.097   469.892186
    25.000000     2.891549   795.379366     0.682027   463349.664   470.139175
    26.000000     2.891549   795.433572     0.685639   463218.825   470.098457
    27.000000     2.891549   795.548614     0.557252   462922.201   470.009736
    28.000000     2.891549   795.713468     0.305550   462490.376   469.882586
    29.000000     2.891549   795.829250     0.149636   462159.936   469.785970
    30.000000     2.891549   795.945032    -0.006278   461829.497   469.689354
     0.000000     3.215369   995.204709     0.000000   100944.360   293.000000
     1.000000     3.215369   995.195063    -0.026017   100955.878   293.009551
     2.000000     3.215369   995.165679    -0.105239   100990.962   293.038642
     3.000000     3.215369   995.055269    -0.402421   101122.679   293.147814
     4.000000     3.215369   994.638874    -1.516699   101617.977   293.557718
     5.000000     3.215369   993.105884    -5.534657   103423.066   295.043308
     6.000000     3.215369   987.545632   -19.145933   109770.485   300.176055
     7.000000     3.215369   969.446272   -56.996206   129506.606   315.376929
     8.000000     3.215369   933.293427  -122.663984   172470.542   344.845422
     9.000000     3.215369   904.619794  -165.488822   208121.225   365.596290
    10.000000     3.215369   893.543048  -181.134537   222209.339   372.823752
    11.000000     3.215369   888.604871  -185.148371   228649.147   376.160005
    12.000000     3.215369   885.927032  -186.742858   230600.800   377.409201
    13.000000     3.215369   884.773970  -188.017466   230723.045   377.905000
    14.000000     3.215369   883.440483  -188.142091   230871.379   378.545065
    15.000000     3.215369   882.344600  -187.865184   231057.696   379.377397
    16.000000     3.215369   881.435472  -187.548498   231130.205   380.226318
    17.000000     3.215369   880.931475  -186.985595   231550.126   381.040180
    18.000000     3.215369   880.165703  -185.085796   233065.305   382.144793
    19.000000     3.215369   876.860329  -174.973162   241891.694   386.443375
    20.000000     3.215369   861.132206  -132.051185   283518.859   405.307443
    21.000000     3.215369   829.087014   -59.026795   371168.060   440.606966
    22.000000     3.215369   806.076765   -17.203841   432971.941   461.572661
    23.000000     3.215369   798.120086    -4.164786   454585.464   468.147469
    24.000000     3.215369   795.772270    -0.405625   460993.200   470.028628
    25.000000     3.215369   795.017412     0.413270   463041.782   470.623992
    26.000000     3.215369   795.004009     0.693594   463104.927   470.641406
    27.000000     3.215369   795.023995     0.625378   463057.683   470.626590
    28.000000     3.215369   795.149099     0.437570   462721.487   470.527750
    29.000000     3.215369   795.296970     0.260982   462314.066   470.408685
    30.000000     3.215369   795.444841     0.084394   461906.644   470.289619
     0.000000     3.566135   995.204709     0.000000   100944.360   293.000000
     1.000000     3.566135   995.182562    -0.059671   100970.804   293.021927
     2.000000     3.566135   995.114745    -0.242188   101051.738   293.089026
     3.000000     3.566135   994.859429    -0.926683   101355.825   293.340945
     4.000000     3.566135   993.902816    -3.455926   102486.886   294.275489
     5.000000     3.566135   990.441908   -12.189544   106485.667   297.547758
     6.000000     3.566135   978.563417   -38.683787   119570.233   307.936185
     7.000000     3.566135   948.246368   -95.842220   153465.942   332.543012
     8.000000     3.566135   913.773177  -152.471061   196463.302   359.333487
     9.000000     3.566135   896.669096  -175.258313   218770.520   371.223298
    10.000000     3.566135   889.829447  -184.324540   226175.481   375.137102
    11.000000     3.566135   886.154990  -186.843427   229414.734   377.081653
    12.000000     3.566135   884.046502  -187.220791   230829.423   378.268804
    13.000000     3.566135   882.660714  -187.337966   231311.801   379.183547
    14.000000     3.566135   881.760153  -187.496262   231212.499   379.968779
    15.000000     3.566135   881.146238  -187.542831   231093.825   380.645397
    16.000000     3.566135   880.738012  -187.482435   231064.065   381.138027
    17.000000     3.566135   880.607718  -187.312104   231149.017   381.456943
    18.000000     3.566135   880.457471  -186.713518   231558.724   381.784163
    19.000000     3.566135   879.634429  -183.712967   234028.498   382.953367
    20.000000     3.566135   874.681779  -168.147481   247912.511   389.406631
    21.000000     3.566135   853.840352  -114.022133   302989.106   413.701174
    22.000000     3.566135   823.598125   -46.831688   388176.823   446.443188
    23.000000     3.566135   805.061069   -13.860649   438678.223   462.961139
    24.000000     3.566135   798.722171    -3.386783   456097.156   468.183416
    25.000000     3.566135   796.685077    -0.445724   461681.183   469.813008
    26.000000     3.566135   796.304079     0.523815   462750.051   470.123990
    27.000000     3.566135   796.192643     0.577973   463057.717   470.213771
    28.000000     3.566135   796.251693     0.545142   462892.027   470.166068
    29.000000     3.566135   796.393801     0.417976   462489.987   470.049648
    30.000000     3.566135   796.535909     0.290811   462087.947   469.933227
     0.000000     3.946087   995.204709     0.000000   100944.360   293.000000
     1.000000     3.946087   995.150988    -0.144522   101008.482   293.053162
     2.000000     3.946087   994.985349    -0.588928   101205.928   293.216814
     3.000000     3.946087   994.361542    -2.246267   101945.500   293.829066
     4.000000     3.946087   992.052331    -8.175320   104633.306   296.044815
     5.000000     3.946087   984.032747   -26.868681   113564.236   303.277929
     6.000000     3.946087   960.845675   -73.064923   138961.926   322.590697
     7.000000     3.946087   924.256248  -136.060180   183166.755   351.836770
     8.000000     3.946087   900.632457  -170.346051   212207.944   368.140301
     9.000000     3.946087   890.727040  -181.520514   224550.904   374.592584
    10.000000     3.946087   885.851755  -185.721367   228706.974   377.067942
    11.000000     3.946087   883.598845  -187.269890   230177.230   378.399031
    12.000000     3.946087   882.082409  -187.348943   230927.824   379.556419
    13.000000     3.946087   881.132981  -187.262502   231234.024   380.542816
    14.000000     3.946087   880.629992  -187.210838   231302.079   381.194679
    15.000000     3.946087   880.469708  -187.245287   231241.291   381.524022
    16.000000     3.946087   880.447251  -187.330866   231129.888   381.652510
    17.000000     3.946087   880.519874  -187.313349   231092.082   381.667407
    18.000000     3.946087   880.676810  -187.172577   231115.425   381.655611
    19.000000     3.946087   880.845600  -186.379073   231651.678   381.838662
    20.000000     3.946087   879.967706  -182.052240   235341.672   383.335186
    21.000000     3.946087   873.415709  -161.391080   254233.264   391.908049
    22.000000     3.946087   849.841212  -101.930785   317144.278   418.789801
    23.000000     3.946087   821.926373   -40.159595   398319.389   448.776863
    24.000000     3.946087   806.305854   -12.386941   441474.186   462.557422
    25.000000     3.946087   800.752306    -3.242102   456901.720   467.131266
    26.000000     3.946087   799.154267    -0.257996   461337.211   468.420068
    27.000000     3.946087   798.630914     0.370692   462781.025   468.839199
    28.000000     3.946087   798.617498     0.563958   462793.894   468.844571
    29.000000     3.946087   798.679114     0.559647   462602.154   468.790949
    30.000000     3.946087   798.740729     0.555336   462410.413   468.737328
     0.000000     4.357657   995.204709     0.000000   100944.360   293.000000
     1.000000     4.357657   995.066718    -0.370296   101108.905   293.136388
     2.000000     4.357657   994.637301    -1.514394   101619.009   293.559044
     3.000000     4.357657   993.025039    -5.698997   103505.524   295.120057
     4.000000     4.357657   987.217535   -19.611858   110023.510   300.476749
     5.000000     4.357657   969.473395   -56.172134   129134.608   315.514332
     6.000000     4.357657   935.507584  -119.650278   170108.138   343.778092
     7.000000     4.357657   905.213727  -162.548781   206462.481   365.254709
     8.000000     4.357657   892.028077  -179.094761   221780.966   373.447070
     9.000000     4.357657   885.840763  -184.617943   227793.714   377.020707
    10.000000     4.357657   882.802391  -186.363405   230095.273   378.971372
    11.000000     4.357657   881.427541  -187.087484   230803.383   380.241622
    12.000000     4.357657   880.659581  -187.289246   231019.237   381.077506
    13.000000     4.357657   880.307411  -187.272719   231158.847   381.561958
    14.000000     4.357657   880.236676  -187.227813   231232.564   381.812911
    15.000000     4.357657   880.287693  -187.233132   231224.641   381.851502
    16.000000     4.357657   880.434101  -187.259560   231175.297   381.802927
    17.000000     4.357657   880.739699  -187.308332   231085.002   381.683744
    18.000000     4.357657   881.216223  -187.305981   230995.281   381.471130
    19.000000     4.357657   881.949910  -187.190224   230949.410   381.156390
    20.000000     4.357657   882.449923  -186.196033   231764.192   381.109993
    21.000000     4.357657   881.396897  -180.655137   236676.719   382.669557
    22.000000     4.357657   873.617347  -157.017544   258664.192   392.563491
    23.000000     4.357657   848.931472   -96.240509   324328.214   420.219015
    24.000000     4.357657   822.539803   -37.835756   402088.790   448.455404
    25.000000     4.357657   808.299716   -12.236575   441935.008   461.064625
    26.000000     4.357657   803.134268    -3.215669   456355.302   465.334036
    27.000000     4.357657   801.350307    -0.526310   461311.352   466.770027
    28.000000     4.357657   800.951187     0.372282   462402.134   467.085796
    29.000000     4.357657   800.936535     0.572915   462419.647   467.092185
    30.000000     4.357657   800.921882     0.773547   462437.160   467.098574
     0.000000     4.803473   995.204709     0.000000   100944.360   293.000000
     1.000000     4.803473   994.828302    -1.004586   101391.857   293.370730
     2.000000     4.803473   993.642438    -4.105024   102785.229   294.525605
     3.000000     4.803473   989.244491   -14.837533   107752.264   298.642896
     4.000000     4.803473   974.837876   -45.223073   123132.665   311.082004
     5.000000     4.803473   943.621828  -103.525839   159222.074   336.984949
     6.000000     4.803473   910.304525  -155.460751   199047.545   361.528263
     7.000000     4.803473   892.904707  -176.073483   218987.361   372.571418
     8.000000     4.803473   885.419504  -183.377068   226812.890   377.369783
     9.000000     4.803473   882.098467  -185.963717   229573.953   379.729805
    10.000000     4.803473   880.667448  -186.756654   230688.898   381.054039
    11.000000     4.803473   880.115914  -187.038988   231072.217   381.682975
    12.000000     4.803473   880.053259  -187.190179   231139.624   381.954455
    13.000000     4.803473   880.101867  -187.281137   231159.044   381.982464
    14.000000     4.803473   880.245635  -187.302112   231174.823   381.954899
    15.000000     4.803473   880.556962  -187.327270   231163.657   381.850454
    16.000000     4.803473   881.065183  -187.373398   231115.649   381.621839
    17.000000     4.803473   881.814341  -187.461501   231032.352   381.246838
    18.000000     4.803473   882.714986  -187.563195   230930.523   380.693629
    19.000000     4.803473   883.642022  -187.675304   230784.525   380.000769
    20.000000     4.803473   884.385328  -187.488987   230813.371   379.321641
    21.000000     4.803473   884.475822  -186.231040   231903.384   379.331388
    22.000000     4.803473   882.811883  -179.925380   237438.755   381.414801
    23.000000     4.803473   874.307862  -155.455436   260266.790   391.962170
    24.000000     4.803473   849.781933   -95.889840   324913.237   419.334336
    25.000000     4.803473   824.295251   -39.154520   400217.303   446.812665
    26.000000     4.803473   810.211272   -13.228211   439898.276   459.403487
    27.000000     4.803473   804.635507    -3.971835   455531.702   464.053328
    28.000000     4.803473   802.873097    -0.556033   460433.680   465.477267
    29.000000     4.803473   802.426015     0.246994   461647.920   465.827764
    30.000000     4.803473   801.978934     1.050022   462862.160   466.178261
     0.000000     5.286386   995.204709     0.000000   100944.360   293.000000
     1.000000     5.286386   994.108845    -2.880155   102233.970   294.067821
     2.000000     5.286386   990.601837   -11.550532   106214.687   297.382945
     3.000000     5.286386   978.424654   -37.617333   119131.086   308.061406
     4.000000     5.286386   948.772335   -92.180232   151368.870   332.182415
     5.000000     5.286386   913.826433  -147.399688   193155.131   358.933478
     6.000000     5.286386   893.167817  -172.896771   216594.072   372.451711
     7.000000     5.286386   884.557378  -182.177618   225912.766   378.193732
     8.000000     5.286386   881.239201  -185.371742   229332.555   380.664784
     9.000000     5.286386   880.078645  -186.548681   230525.955   381.700181
    10.000000     5.286386   879.792692  -187.038801   230965.513   382.130940
    11.000000     5.286386   879.836486  -187.201138   231135.128   382.200537
    12.000000     5.286386   880.060495  -187.321507   231190.588   382.161551
    13.000000     5.286386   880.473125  -187.419628   231180.426   382.005919
    14.000000     5.286386   881.126987  -187.523781   231130.761   381.705192
    15.000000     5.286386   881.972987  -187.640519   231082.070   381.240113
    16.000000     5.286386   882.922677  -187.764092   231029.620   380.604764
    17.000000     5.286386   883.795498  -187.827247   230980.439   379.889540
    18.000000     5.286386   884.498128  -187.851345   230889.866   379.158935
    19.000000     5.286386   885.058380  -187.846019   230785.093   378.596574
    20.000000     5.286386   885.537445  -187.818937   230626.603   378.126859
    21.000000     5.286386   885.721111  -187.537834   230795.222   377.942637
    22.000000     5.286386   885.509032  -186.147793   231898.138   378.220762
    23.000000     5.286386   883.576307  -179.866970   237383.792   380.700053
    24.000000     5.286386   875.355005  -156.923363   258752.077   390.725724
    25.000000     5.286386   852.149823  -100.743776   319120.378   416.694667
    26.000000     5.286386   827.109938   -44.347644   392525.929   444.004222
    27.000000     5.286386   812.065017   -16.134055   435457.858   457.724218
    28.000000     5.286386   805.727624    -4.722426   453191.458   463.056936
    29.000000     5.286386   803.803019    -1.601711   458559.738   464.615501
    30.000000     5.286386   801.878413     1.519003   463928.018   466.174066
     0.000000     5.809483   995.204709     0.000000   100944.360   293.000000
     1.000000     5.809483   991.743441    -8.630329   104863.182   296.258748
     2.000000     5.809483   980.809469   -32.111017   116327.562   305.917982
     3.000000     5.809483   951.961353   -84.322292   146484.420   329.407859
     4.000000     5.809483   915.260548  -142.051100   188791.206   357.531619
     5.000000     5.809483   892.126696  -170.760269   214984.952   373.110591
     6.000000     5.809483   883.433721  -181.217341   225413.642   379.191317
     7.000000     5.809483   880.418535  -184.990257   229228.659   381.534211
     8.000000     5.809483   879.707043  -186.377961   230525.801   382.279844
     9.000000     5.809483   879.638268  -186.979546   230985.714   382.450861
    10.000000     5.809483   879.977043  -187.316907   231124.711   382.377211
    11.000000     5.809483   880.575843  -187.475249   231156.736   382.135517
    12.000000     5.809483   881.428139  -187.625731   231133.505   381.697360
    13.000000     5.809483   882.402916  -187.777881   231099.449   381.054407
    14.000000     5.809483   883.363741  -187.933296   231084.893   380.308739
    15.000000     5.809483   884.131385  -188.034527   231045.210   379.515816
    16.000000     5.809483   884.716872  -188.087443   230974.227   378.870418
    17.000000     5.809483   885.182743  -188.072339   230911.656   378.389420
    18.000000     5.809483   885.560219  -188.026782   230816.920   378.018115
    19.000000     5.809483   885.877291  -187.951223   230727.770   377.742538
    20.000000     5.809483   886.097918  -187.875991   230612.413   377.525386
    21.000000     5.809483   886.257916  -187.757125   230526.269   377.372670
    22.000000     5.809483   886.246402  -187.436551   230689.440   377.378769
    23.000000     5.809483   885.887875  -186.118593   231739.321   377.815438
    24.000000     5.809483   884.057571  -180.552590   236595.096   380.101858
    25.000000     5.809483   876.831562  -160.621502   255018.726   388.862210
    26.000000     5.809483   856.131428  -110.134139   308060.460   412.260527
    27.000000     5.809483   832.186192   -54.409755   378192.492   438.915066
    28.000000     5.809483   814.200027   -19.942910   428376.303   455.658210
    29.000000     5.809483   807.852508    -8.971451   446586.983   461.088535
    30.000000     5.809483   801.504989     2.000009   464797.663   466.518859
     0.000000     6.376108   995.204709     0.000000   100944.360   293.000000
     1.000000     6.376108   983.016666   -25.973059   113262.622   303.562911
     2.000000     6.376108   952.416819   -79.204003   143583.593   328.372231
     3.000000     6.376108   913.164814  -139.317798   187295.717   358.596512
     4.000000     6.376108   890.122019  -170.034059   214644.852   374.610436
     5.000000     6.376108   882.122081  -181.145585   225437.968   380.457710
     6.000000     6.376108   880.188831  -185.124124   229178.007   382.208578
     7.000000     6.376108   879.633161  -186.573635   230522.486   382.685035
     8.000000     6.376108   880.134473  -187.222395   230915.446   382.572248
     9.000000     6.376108   880.979887  -187.549786   231086.505   382.140571
    10.000000     6.376108   882.032739  -187.763699   231115.436   381.424520
    11.000000     6.376108   883.139601  -187.978237   231119.398   380.583996
    12.000000     6.376108   883.986445  -188.128388   231116.036   379.698110
    13.000000     6.376108   884.617560  -188.216015   231100.496   379.005712
    14.000000     6.376108   885.064620  -188.273357   231043.400   378.481468
    15.000000     6.376108   885.408487  -188.273806   230987.699   378.099859
    16.000000     6.376108   885.668457  -188.254942   230910.722   377.815656
    17.000000     6.376108   885.895517  -188.203335   230830.822   377.609187
    18.000000     6.376108   886.106098  -188.111187   230725.953   377.446532
    19.000000     6.376108   886.266390  -187.984065   230585.999   377.306720
    20.000000     6.376108   886.355945  -187.843698   230492.826   377.217317
    21.000000     6.376108   886.407159  -187.763516   230415.502   377.156058
    22.000000     6.376108   886.420028  -187.649296   230405.056   377.136901
    23.000000     6.376108   886.358464  -187.354973   230554.073   377.204699
    24.000000     6.376108   886.018365  -186.233219   231430.919   377.618758
    25.000000     6.376108   884.509123  -181.730735   235318.140   379.471868
    26.000000     6.376108   878.693320  -165.712929   249942.725   386.504677
    27.000000     6.376108   861.785573  -123.670079   292662.680   405.878166
    28.000000     6.376108   837.178801   -66.216096   361424.684   433.791891
    29.000000     6.376108   821.190952   -33.961028   408066.184   449.145798
    30.000000     6.376108   805.203102    -1.705959   454707.684   464.499705
     0.000000     6.989881   995.204709     0.000000   100944.360   293.000000
     1.000000     6.989881   952.912014   -71.079579   138791.779   326.737560
     2.000000     6.989881   907.787254  -140.301233   188618.344   362.326409
     3.000000     6.989881   887.374218  -171.376546   216084.394   377.083945
     4.000000     6.989881   881.749417  -182.297301   226075.776   381.728614
     5.000000     6.989881   880.434523  -185.920840   229407.104   382.790395
     6.000000     6.989881   880.998610  -187.280563   230374.612   382.411718
     7.000000     6.989881   882.074751  -187.756192   230794.098   381.583042
     8.000000     6.989881   883.199863  -188.034308   230962.785   380.574077
     9.000000     6.989881   884.106904  -188.197977   231036.800   379.576686
    10.000000     6.989881   884.745313  -188.300837   231102.503   378.881620
    11.000000     6.989881   885.190452  -188.373494   231135.623   378.396810
    12.000000     6.989881   885.486631  -188.387083   231140.193   378.055206
    13.000000     6.989881   885.688976  -188.368998   231111.321   377.813003
    14.000000     6.989881   885.828019  -188.343519   231052.452   377.631479
    15.000000     6.989881   885.955287  -188.304196   230982.413   377.500971
    16.000000     6.989881   886.067285  -188.241451   230881.008   377.394118
    17.000000     6.989881   886.188548  -188.140401   230749.311   377.298001
    18.000000     6.989881   886.309186  -188.013296   230601.338   377.209862
    19.000000     6.989881   886.378453  -187.878909   230491.260   377.151600
    20.000000     6.989881   886.414375  -187.778241   230415.101   377.116947
    21.000000     6.989881   886.425635  -187.717252   230359.061   377.094119
    22.000000     6.989881   886.440378  -187.652488   230297.298   377.071880
    23.000000     6.989881   886.415042  -187.552591   230273.454   377.071242
    24.000000     6.989881   886.352247  -187.290805   230378.282   377.136065
    25.000000     6.989881   886.068049  -186.405268   231025.925   377.460366
    26.000000     6.989881   884.931467  -183.066531   233856.975   378.833030
    27.000000     6.989881   880.707777  -171.404393   244348.666   383.939234
    28.000000     6.989881   867.404065  -138.003691   277156.201   399.417703
    29.000000     6.989881   848.393028   -90.564836   330822.610   422.160373
    30.000000     6.989881   829.381990   -43.125981   384489.019   444.903044
     0.000000     7.654728   995.204709     0.000000   100944.360   293.000000
     1.000000     7.654728   904.278168  -144.809806   190967.675   366.547931
     2.000000     7.654728   886.687131  -177.275955   218693.410   379.460892
     3.000000     7.654728   883.243829  -185.867195   226799.346   381.508314
     4.000000     7.654728   883.110523  -188.133747   229211.538   380.801595
     5.000000     7.654728   884.140169  -188.617689   230044.217   379.568944
     6.000000     7.654728   884.828379  -188.738376   230448.302   378.739079
     7.000000     7.654728   885.297562  -188.741472   230673.905   378.205129
     8.000000     7.654728   885.608531  -188.727573   230828.624   377.876464
     9.000000     7.654728   885.797320  -188.705632   230927.617   377.672577
    10.000000     7.654728   885.904859  -188.667557   231006.945   377.554364
    11.000000     7.654728   885.960948  -188.617001   231059.596   377.485034
    12.000000     7.654728   885.994553  -188.545827   231071.071   377.434068
    13.000000     7.654728   886.021703  -188.458321   231042.556   377.391383
    14.000000     7.654728   886.064168  -188.352033   230975.028   377.344057
    15.000000     7.654728   886.115380  -188.230658   230872.112   377.296074
    16.000000     7.654728   886.174868  -188.109383   230750.556   377.241360
    17.000000     7.654728   886.249440  -188.005282   230628.191   377.189077
    18.000000     7.654728   886.320833  -187.898093   230515.609   377.144635
    19.000000     7.654728   886.360468  -187.778078   230428.077   377.115487
    20.000000     7.654728   886.366954  -187.696180   230364.161   377.102031
    21.000000     7.654728   886.359491  -187.635521   230306.045   377.097223
    22.000000     7.654728   886.340800  -187.580204   230250.153   377.099935
    23.000000     7.654728   886.327193  -187.514123   230190.933   377.107732
    24.000000     7.654728   886.302528  -187.412996   230129.570   377.120963
    25.000000     7.654728   886.256002  -187.189886   230186.722   377.195695
    26.000000     7.654728   886.034121  -186.542934   230616.806   377.448406
    27.000000     7.654728   885.251937  -184.295288   232474.605   378.372649
    28.000000     7.654728   882.370354  -176.378461   239495.160   381.834612
    29.000000     7.654728   874.691185  -155.860633   258771.765   391.391878
    30.000000     7.654728   867.012016  -135.342804   278048.370   400.949145
     0.000000     8.374897   886.483624  -188.310443   230784.043   377.151055
     1.000000     8.374897   886.827309  -189.371792   229901.666   376.724141
     2.000000     8.374897   886.823026  -189.755747   229701.732   376.632085
     3.000000     8.374897   886.757475  -189.811045   229763.774   376.664513
     4.000000     8.374897   886.675918  -189.793858   229862.418   376.715145
     5.000000     8.374897   886.589237  -189.725371   229969.202   376.770236
     6.000000     8.374897   886.480365  -189.630628   230095.818   376.835194
     7.000000     8.374897   886.357316  -189.524456   230250.245   376.913820
     8.000000     8.374897   886.259956  -189.400150   230400.817   376.991391
     9.000000     8.374897   886.183548  -189.257603   230544.594   377.066652
    10.000000     8.374897   886.122871  -189.099149   230679.894   377.138962
    11.000000     8.374897   886.077394  -188.931795   230804.310   377.207374
    12.000000     8.374897   886.071757  -188.743621   230814.940   377.224043
    13.000000     8.374897   886.084887  -188.538870   230780.522   377.221296
    14.000000     8.374897   886.105160  -188.322372   230712.926   377.204916
    15.000000     8.374897   886.122923  -188.160224   230638.476   377.187506
    16.000000     8.374897   886.147961  -188.043111   230568.920   377.176444
    17.000000     8.374897   886.185054  -187.938018   230493.967   377.167653
    18.000000     8.374897   886.222527  -187.827745   230418.572   377.163732
    19.000000     8.374897   886.237197  -187.703713   230356.044   377.170995
    20.000000     8.374897   886.230648  -187.602609   230299.959   377.186354
    21.000000     8.374897   886.209878  -187.536660   230246.405   377.207680
    22.000000     8.374897   886.185855  -187.478605   230188.515   377.231276
    23.000000     8.374897   886.161119  -187.417895   230123.497   377.255188
    24.000000     8.374897   886.149493  -187.343949   230054.565   377.280170
    25.000000     8.374897   886.111939  -187.236675   229987.129   377.307949
    26.000000     8.374897   886.079233  -187.049601   230007.723   377.378620
    27.000000     8.374897   885.937203  -186.610489   230253.437   377.560679
    28.000000     8.374897   885.441497  -185.189819   231343.909   378.122813
    29.000000     8.374897   883.915041  -180.722643   234985.036   379.938307
    30.000000     8.374897   882.388584  -176.255468   238626.164   381.753802
     0.000000     9.154992   886.483624  -188.310443   230784.043   377.151055
     1.000000     9.154992   886.441420  -188.598872   230663.554   377.099985
     2.000000     9.154992   886.424903  -188.918893   230488.843   377.024396
     3.000000     9.154992   886.404954  -189.264166   230294.160   376.940447
     4.000000     9.154992   886.444419  -189.508476   230176.932   376.893672
     5.000000     9.154992   886.390209  -189.562392   230133.563   376.882505
     6.000000     9.154992   886.279914  -189.599415   230128.667   376.890567
     7.000000     9.154992   886.194584  -189.614899   230184.996   376.928690
     8.000000     9.154992   886.155902  -189.590282   230229.302   376.962802
     9.000000     9.154992   886.138004  -189.521069   230273.885   376.998885
    10.000000     9.154992   886.125053  -189.401959   230334.480   377.044563
    11.000000     9.154992   886.100045  -189.211864   230393.118   377.091736
    12.000000     9.154992   886.100886  -188.972916   230390.164   377.112866
    13.000000     9.154992   886.106615  -188.703584   230364.244   377.126421
    14.000000     9.154992   886.097804  -188.438848   230331.755   377.140518
    15.000000     9.154992   886.077205  -188.257019   230310.982   377.164196
    16.000000     9.154992   886.071765  -188.118289   230296.276   377.194982
    17.000000     9.154992   886.081559  -187.985489   230272.219   377.225568
    18.000000     9.154992   886.087895  -187.848341   230249.061   377.260488
    19.000000     9.154992   886.091439  -187.686285   230216.723   377.294650
    20.000000     9.154992   886.080601  -187.543522   230178.209   377.329031
    21.000000     9.154992   886.052488  -187.460025   230139.816   377.366108
    22.000000     9.154992   886.020162  -187.398100   230095.513   377.402537
    23.000000     9.154992   885.992104  -187.336588   230041.788   377.436112
    24.000000     9.154992   885.971151  -187.260780   229970.447   377.462422
    25.000000     9.154992   885.968238  -187.166052   229900.589   377.489898
    26.000000     9.154992   885.913528  -187.038649   229850.582   377.528037
    27.000000     9.154992   885.898375  -186.850830   229863.230   377.592251
    28.000000     9.154992   885.917540  -186.405986   229982.689   377.723499
    29.000000     9.154992   886.086286  -185.042760   230442.572   377.975741
    30.000000     9.154992   886.255031  -183.679534   230902.455   378.227982
     0.000000    10.000000   886.483624  -188.310443   230784.043   377.151055
     1.000000    10.000000   886.023420  -187.761637   231488.839   377.507103
     2.000000    10.000000   885.993653  -188.012405   231341.451   377.449353
     3.000000    10.000000   886.023100  -188.671779   230868.679   377.239342
     4.000000    10.000000   886.193658  -189.199348   230517.617   377.087055
     5.000000    10.000000   886.174620  -189.385850   230311.601   377.004115
     6.000000    10.000000   886.062784  -189.565604   230164.250   376.950547
     7.000000    10.000000   886.018311  -189.712868   230114.317   376.944797
     8.000000    10.000000   886.043190  -189.796235   230043.516   376.931834
     9.000000    10.000000   886.088670  -189.806459   229980.650   376.925479
    10.000000    10.000000   886.127417  -189.729967   229960.323   376.942308
    11.000000    10.000000   886.124580  -189.515237   229947.711   376.966475
    12.000000    10.000000   886.132438  -189.221291   229930.041   376.992438
    13.000000    10.000000   886.130152  -188.882003   229913.328   377.023651
    14.000000    10.000000   886.089837  -188.565015   229918.866   377.070762
    15.000000    10.000000   886.027683  -188.361869   229956.236   377.138946
    16.000000    10.000000   885.989228  -188.199723   230000.945   377.215062
    17.000000    10.000000   885.969452  -188.036909   230032.018   377.288303
    18.000000    10.000000   885.942061  -187.870650   230065.445   377.365294
    19.000000    10.000000   885.933552  -187.667406   230065.808   377.428594
    20.000000    10.000000   885.918069  -187.479518   230046.328   377.483580
    21.000000    10.000000   885.882002  -187.377012   230024.357   377.537718
    22.000000    10.000000   885.840681  -187.310896   229994.772   377.588050
    23.000000    10.000000   885.809025  -187.248516   229953.281   377.632091
    24.000000    10.000000   885.777969  -187.170691   229879.330   377.659840
    25.000000    10.000000   885.812580  -187.089551   229806.848   377.686987
    26.000000    10.000000   885.734035  -187.026786   229680.366   377.689887
    27.000000    10.000000   885.856317  -187.111170   229440.554   377.626451
    28.000000    10.000000   886.433195  -187.723352   228508.201   377.290958
    29.000000    10.000000   888.438203  -189.722358   225522.125   375.849867
    30.000000    10.000000   890.443205  -191.721375   222536.051   374.408778
