     0.000000     0.000000     0.000000     0.000000   100944.360   293.000000
     0.001000     0.000000     0.000000     0.000000   110914.074   330.722236
     0.002000     0.000000     0.000000     0.000000   119163.651   375.846969
     0.003000     0.000000     0.000000     0.000000   125570.591   404.541819
     0.004000     0.000000     0.000000     0.000000   145398.739   448.076882
     0.005000     0.000000     0.000000     0.000000   168380.321   506.734600
     0.006000     0.000000     0.000000     0.000000   195428.247   593.840456
     0.007000     0.000000     0.000000     0.000000   214836.050   659.170106
     0.008000     0.000000     0.000000     0.000000   229420.697   682.640858
     0.009000     0.000000     0.000000     0.000000   240372.740   691.731288
     0.010000     0.000000     0.000000     0.000000   239546.261   687.696654
     0.011000     0.000000     0.000000     0.000000   235199.409   681.388214
     0.012000     0.000000     0.000000     0.000000   243831.717   680.949290
     0.013000     0.000000     0.000000     0.000000   253656.630   683.072965
     0.014000     0.000000     0.000000     0.000000   270869.799   689.119594
     0.015000     0.000000     0.000000     0.000000   291652.352   697.637848
     0.016000     0.000000     0.000000     0.000000   319344.204   706.306750
     0.017000     0.000000     0.000000     0.000000   350462.016   717.216026
     0.018000     0.000000     0.000000     0.000000   383247.900   726.955330
     0.019000     0.000000     0.000000     0.000000   407772.329   730.132712
     0.020000     0.000000     0.000000     0.000000   424924.317   730.720935
     0.021000     0.000000     0.000000     0.000000   437689.660   730.280378
     0.022000     0.000000     0.000000     0.000000   445706.476   729.167789
     0.023000     0.000000     0.000000     0.000000   452345.291   727.940618
     0.024000     0.000000     0.000000     0.000000   455951.902   726.046484
     0.025000     0.000000     0.000000     0.000000   459049.052   724.629469
     0.026000     0.000000     0.000000     0.000000   460786.333   723.002940
     0.027000     0.000000     0.000000     0.000000   461938.260   721.619800
     0.028000     0.000000     0.000000     0.000000   462435.851   720.282127
     0.029000     0.000000     0.000000     0.000000   462798.791   719.383366
     0.030000     0.000000     0.000000     0.000000   463161.746   718.484492
     0.000000     0.000083   995.204709     0.000000   100944.360   293.000000
     0.001000     0.000083   911.453587    13.210866   110914.074   330.722236
     0.002000     0.000083   796.661500    24.539284   119163.651   375.846969
     0.003000     0.000083   619.127238    26.353451   125570.591   404.541819
     0.004000     0.000083   301.704288    25.747367   145398.739   448.076882
     0.005000     0.000083    93.065753    13.922835   168380.321   506.734600
     0.006000     0.000083    -2.742460     6.285627   195428.247   593.840456
     0.007000     0.000083   -47.254808     2.721588   214836.050   659.170106
     0.008000     0.000083   -58.471841    -0.262175   229420.697   682.640858
     0.009000     0.000083   -48.489642    -1.649786   240372.740   691.731288
     0.010000     0.000083   -42.131774     0.062097   239546.261   687.696654
     0.011000     0.000083   -53.290643     2.602236   235199.409   681.388214
     0.012000     0.000083   -86.883221     2.860595   243831.717   680.949290
     0.013000     0.000083  -113.425770     2.690821   253656.630   683.072965
     0.014000     0.000083  -129.478919     3.164988   270869.799   689.119594
     0.015000     0.000083  -133.552230     1.105841   291652.352   697.637848
     0.016000     0.000083  -120.803137    -1.268696   319344.204   706.306750
     0.017000     0.000083   -93.753442    -2.515559   350462.016   717.216026
     0.018000     0.000083   -59.946741    -3.306466   383247.900   726.955330
     0.019000     0.000083   -19.866644    -2.832113   407772.329   730.132712
     0.020000     0.000083     7.363778    -2.180417   424924.317   730.720935
     0.021000     0.000083    28.370508    -1.647280   437689.660   730.280378
     0.022000     0.000083    43.109429    -1.261810   445706.476   729.167789
     0.023000     0.000083    55.111677    -0.968612   452345.291   727.940618
     0.024000     0.000083    63.330277    -0.711998   455951.902   726.046484
     0.025000     0.000083    70.024320    -0.574458   459049.052   724.629469
     0.026000     0.000083    75.050823    -0.426873   460786.333   723.002940
     0.027000     0.000083    78.882230    -0.317793   461938.260   721.619800
     0.028000     0.000083    81.692611    -0.248269   462435.851   720.282127
     0.029000     0.000083    84.156346    -0.305219   462798.791   719.383366
     0.030000     0.000083    86.620081    -0.362168   463161.731   718.484604
     0.000000     0.000173   995.204709     0.000000   100944.360   293.000000
     0.001000     0.000173   980.033041    15.199073   108295.043   305.015212
     0.002000     0.000173   947.771048    29.534745   116305.240   327.250760
     0.003000     0.000173   880.190162    38.933931   124059.611   360.444652
     0.004000     0.000173   672.225446    55.161028   145357.837   423.369383
     0.005000     0.000173   320.797469    34.283089   172822.469   507.235978
     0.006000     0.000173    73.015991    15.487755   197799.886   589.332381
     0.007000     0.000173   -39.032285     6.476287   215753.970   657.238188
     0.008000     0.000173   -76.570349     0.288229   229882.826   681.855003
     0.009000     0.000173   -78.768748    -2.527751   240447.440   690.857951
     0.010000     0.000173   -80.918114     0.429793   239806.627   686.799438
     0.011000     0.000173  -111.010119     6.053164   235891.477   680.290158
     0.012000     0.000173  -163.988004     6.067441   244072.855   678.959426
     0.013000     0.000173  -186.344442     5.431904   253984.904   681.050813
     0.014000     0.000173  -184.952117     3.629038   270357.175   688.111781
     0.015000     0.000173  -165.114179     0.701149   290927.915   695.307099
     0.016000     0.000173  -130.267348    -3.160776   318612.868   706.940664
     0.017000     0.000173   -76.350505    -5.791917   349468.227   717.898300
     0.018000     0.000173   -14.241602    -7.219465   382337.854   727.649921
     0.019000     0.000173    35.737802    -5.972157   407197.460   728.698711
     0.020000     0.000173    71.501773    -4.620902   424436.490   728.088383
     0.021000     0.000173    99.667884    -3.514686   437280.472   726.610863
     0.022000     0.000173   120.517351    -2.715668   445357.250   724.622474
     0.023000     0.000173   137.853682    -2.096316   452056.877   722.802895
     0.024000     0.000173   150.402954    -1.552253   455722.630   720.565042
     0.025000     0.000173   160.487587    -1.242178   458874.081   718.686712
     0.026000     0.000173   167.895649    -0.917908   460660.939   716.772945
     0.027000     0.000173   173.309541    -0.676964   461851.846   715.111381
     0.028000     0.000173   177.142091    -0.522896   462375.789   713.448218
     0.029000     0.000173   180.302177    -0.563379   462662.875   712.093283
     0.030000     0.000173   183.462264    -0.603861   462949.961   710.738347
     0.000000     0.000271   995.204709     0.000000   100944.360   293.000000
     0.001000     0.000271   989.148813    12.871076   106800.946   298.531941
     0.002000     0.000271   979.804661    28.303150   114508.000   307.714473
     0.003000     0.000271   956.058950    41.030977   121863.741   322.631352
     0.004000     0.000271   868.904893    64.995567   139895.166   369.627649
     0.005000     0.000271   623.981580    76.152180   168608.039   460.442089
     0.006000     0.000271   271.019338    44.342223   198233.653   571.949319
     0.007000     0.000271    40.777044    17.963190   216684.420   649.801279
     0.008000     0.000271   -58.937255     4.171438   230216.828   680.634055
     0.009000     0.000271   -91.263096    -1.932284   241082.592   689.647826
     0.010000     0.000271  -116.975583     2.591625   240276.057   685.516476
     0.011000     0.000271  -166.326393    12.254417   235379.310   677.809159
     0.012000     0.000271  -191.823123     8.990623   243976.580   678.267720
     0.013000     0.000271  -190.837349     5.986463   253381.108   681.841315
     0.014000     0.000271  -170.380709     2.518299   269633.184   688.843786
     0.015000     0.000271  -116.117349    -3.129126   290332.109   698.740493
     0.016000     0.000271   -42.889550    -8.882802   318094.277   708.551974
     0.017000     0.000271    36.621196   -13.225888   349600.370   715.553299
     0.018000     0.000271   108.439510   -13.582131   382872.380   720.966073
     0.019000     0.000271   153.897154   -10.486123   407488.682   720.229930
     0.020000     0.000271   184.948005    -8.091910   424732.182   717.618238
     0.021000     0.000271   208.809025    -6.184155   437545.871   714.608471
     0.022000     0.000271   226.153458    -4.809113   445570.575   711.649412
     0.023000     0.000271   240.725407    -3.735875   452197.749   708.982416
     0.024000     0.000271   251.273932    -2.834084   455777.977   706.443617
     0.025000     0.000271   260.373007    -2.267471   458884.860   704.292967
     0.026000     0.000271   267.469712    -1.664436   460646.472   702.234274
     0.027000     0.000271   272.858116    -1.251904   461797.256   700.559481
     0.028000     0.000271   277.128625    -1.001594   462301.469   699.016183
     0.029000     0.000271   281.157634    -0.978036   462538.685   697.622601
     0.030000     0.000271   285.186643    -0.954478   462775.901   696.229020
     0.000000     0.000377   995.204709     0.000000   100944.360   293.000000
     0.001000     0.000377   991.225559    10.105167   105473.688   296.776887
     0.002000     0.000377   985.060492    24.849263   112486.714   302.802541
     0.003000     0.000377   977.051918    39.390343   120083.928   310.640713
     0.004000     0.000377   940.265302    64.780065   135653.065   332.956838
     0.005000     0.000377   818.434905    93.367583   162566.550   398.490310
     0.006000     0.000377   523.800067    84.826849   196179.609   518.848394
     0.007000     0.000377   192.421087    42.270439   217789.315   627.343951
     0.008000     0.000377     8.506733    13.583725   231203.176   677.439251
     0.009000     0.000377   -73.271979     2.591066   241565.686   690.019633
     0.010000     0.000377  -127.551554     7.473017   240290.461   685.760902
     0.011000     0.000377  -171.989706    16.533529   235100.762   677.251717
     0.012000     0.000377  -176.160834     9.276281   243413.093   680.300571
     0.013000     0.000377  -155.080684     4.626881   252583.640   685.321577
     0.014000     0.000377   -95.494928    -3.077883   269133.733   695.538264
     0.015000     0.000377    -1.558236   -11.802205   289824.982   698.156964
     0.016000     0.000377   102.431601   -19.166288   317587.177   699.395405
     0.017000     0.000377   200.354519   -22.576276   348829.599   697.572748
     0.018000     0.000377   276.216800   -20.065473   381930.355   694.676425
     0.019000     0.000377   318.785279   -14.901808   406836.363   688.883192
     0.020000     0.000377   344.962661   -11.275893   424395.753   684.434727
     0.021000     0.000377   363.264026    -8.499073   437384.570   680.618100
     0.022000     0.000377   374.996809    -6.513429   445481.316   677.793051
     0.023000     0.000377   383.979750    -4.965458   452164.246   675.331250
     0.024000     0.000377   389.066098    -3.695137   455799.683   673.622847
     0.025000     0.000377   392.977238    -2.945784   458899.529   672.102154
     0.026000     0.000377   395.036581    -2.157695   460632.269   670.986265
     0.027000     0.000377   395.841207    -1.567238   461847.370   670.102214
     0.028000     0.000377   396.107767    -1.231383   462396.772   669.350811
     0.029000     0.000377   396.897804    -1.267111   462473.571   668.394002
     0.030000     0.000377   397.687841    -1.302839   462550.370   667.437194
     0.000000     0.000491   995.204709     0.000000   100944.360   293.000000
     0.001000     0.000491   992.328492     7.529882   104297.598   295.758051
     0.002000     0.000491   987.129103    20.562651   110364.155   300.664807
     0.003000     0.000491   980.497668    35.833099   117926.139   306.769382
     0.004000     0.000491   966.598207    60.388203   131795.654   319.627339
     0.005000     0.000491   905.733949    94.929746   156693.271   354.622095
     0.006000     0.000491   738.213417   118.261325   190622.842   445.802172
     0.007000     0.000491   424.558572    80.739372   219396.936   579.908051
     0.008000     0.000491   138.171603    34.604327   232425.031   662.299655
     0.009000     0.000491   -17.969655    12.657224   242164.655   689.419059
     0.010000     0.000491  -101.401613    13.374640   240579.833   687.120210
     0.011000     0.000491  -143.824440    18.763645   234727.142   679.392079
     0.012000     0.000491  -134.822838     7.626710   242918.924   685.886768
     0.013000     0.000491   -75.914067    -1.827973   252170.483   693.311883
     0.014000     0.000491    21.431126   -13.919515   268712.961   693.690284
     0.015000     0.000491   144.367606   -25.668355   289405.008   686.008115
     0.016000     0.000491   265.401151   -33.850682   317042.211   674.995069
     0.017000     0.000491   373.739953   -35.060824   348483.135   662.521285
     0.018000     0.000491   442.186000   -28.582579   381276.992   650.337428
     0.019000     0.000491   476.349932   -20.092411   406100.852   640.286193
     0.020000     0.000491   496.321842   -14.669082   423883.946   634.131838
     0.021000     0.000491   509.931540   -10.683166   436939.787   629.386233
     0.022000     0.000491   518.087390    -7.987556   445165.122   626.725333
     0.023000     0.000491   524.144269    -5.920283   451925.914   624.574255
     0.024000     0.000491   527.015744    -4.242623   455659.009   623.796884
     0.025000     0.000491   528.864984    -3.254098   458838.224   623.211850
     0.026000     0.000491   529.305379    -2.239898   460659.602   623.351805
     0.027000     0.000491   528.046787    -1.539990   461932.536   624.010474
     0.028000     0.000491   526.703487    -1.154168   462537.241   624.637908
     0.029000     0.000491   525.710358    -1.204333   462566.280   625.024147
     0.030000     0.000491   524.717230    -1.254498   462595.319   625.410386
     0.000000     0.000615   995.204709     0.000000   100944.360   293.000000
     0.001000     0.000615   993.143876     5.451922   103361.303   294.991721
     0.002000     0.000615   988.925134    16.227543   108305.039   298.986784
     0.003000     0.000615   982.795698    31.096661   115517.222   304.595604
     0.004000     0.000615   972.099339    54.147426   127675.748   313.998868
     0.005000     0.000615   943.206836    89.492070   150930.016   335.373533
     0.006000     0.000615   850.542626   127.192540   182875.191   388.320643
     0.007000     0.000615   646.203598   123.771727   214362.693   498.832649
     0.008000     0.000615   339.836990    72.511262   233921.842   623.830093
     0.009000     0.000615    94.443394    31.726682   243261.208   682.695193
     0.010000     0.000615   -36.670940    21.985236   240838.275   690.429055
     0.011000     0.000615   -86.012986    20.333477   234569.830   683.613135
     0.012000     0.000615   -63.772685     2.795331   242784.609   693.106096
     0.013000     0.000615    31.669829   -13.880347   251595.720   691.353560
     0.014000     0.000615   161.864713   -30.232005   268035.702   679.241140
     0.015000     0.000615   306.090424   -44.169249   288392.546   657.747741
     0.016000     0.000615   438.529813   -51.461736   315951.917   633.985426
     0.017000     0.000615   532.012784   -48.139693   347186.794   611.402424
     0.018000     0.000615   579.319932   -36.906940   378888.225   591.354544
     0.019000     0.000615   602.359189   -25.174563   404321.544   579.593168
     0.020000     0.000615   615.627182   -17.971162   422725.037   573.077459
     0.021000     0.000615   624.241343   -12.781520   436126.368   568.590481
     0.022000     0.000615   629.279418    -9.341761   444586.542   566.332872
     0.023000     0.000615   632.961995    -6.750663   451476.876   564.568841
     0.024000     0.000615   634.600615    -4.661514   455349.410   564.300773
     0.025000     0.000615   635.531362    -3.454172   458636.000   564.101357
     0.026000     0.000615   635.719872    -2.122224   460396.437   564.823567
     0.027000     0.000615   634.664030    -1.255019   461731.500   565.787382
     0.028000     0.000615   633.547254    -0.762293   462383.171   566.861774
     0.029000     0.000615   632.717145    -0.814216   462398.999   567.792785
     0.030000     0.000615   631.887036    -0.866139   462414.827   568.723796
     0.000000     0.000750   995.204709     0.000000   100944.360   293.000000
     0.001000     0.000750   993.765677     3.832359   102637.497   294.400655
     0.002000     0.000750   990.549376    12.154375   106409.812   297.474153
     0.003000     0.000750   985.026354    25.829169   112911.635   302.576714
     0.004000     0.000750   975.818025    46.828683   123665.984   310.610925
     0.005000     0.000750   961.171146    81.483287   144484.751   326.379960
     0.006000     0.000750   905.055081   124.222490   176305.584   359.031284
     0.007000     0.000750   786.238609   146.097280   207971.975   428.881771
     0.008000     0.000750   556.010271   119.027300   231804.427   548.342047
     0.009000     0.000750   264.489231    65.279673   243954.656   651.352537
     0.010000     0.000750    73.758657    36.016777   241406.953   686.464010
     0.011000     0.000750     5.497333    22.139468   234739.852   685.675738
     0.012000     0.000750    41.746105    -4.687168   242612.424   694.026785
     0.013000     0.000750   165.102994   -32.406815   251237.762   677.641643
     0.014000     0.000750   319.169855   -52.530844   267165.268   648.779074
     0.015000     0.000750   476.075950   -67.263940   287171.210   613.058285
     0.016000     0.000750   588.700832   -69.301378   314525.446   578.702993
     0.017000     0.000750   650.903992   -60.470790   344100.956   547.659885
     0.018000     0.000750   679.357258   -45.091082   374733.039   529.981507
     0.019000     0.000750   694.098660   -30.461507   401297.010   523.662336
     0.020000     0.000750   701.137978   -21.337857   420754.782   521.125056
     0.021000     0.000750   705.445762   -14.887768   434759.920   519.607824
     0.022000     0.000750   707.809967   -10.693755   443625.744   519.119993
     0.023000     0.000750   709.529986    -7.588980   450735.439   518.674901
     0.024000     0.000750   710.126755    -5.103973   454823.002   518.965928
     0.025000     0.000750   710.456516    -3.651192   458221.825   519.118907
     0.026000     0.000750   710.358697    -2.088124   460025.295   519.758921
     0.027000     0.000750   709.644816    -1.147969   461486.065   520.534807
     0.028000     0.000750   708.733518    -0.465839   462331.861   521.348679
     0.029000     0.000750   708.228989    -0.525115   462350.066   521.976789
     0.030000     0.000750   707.724460    -0.584391   462368.271   522.604899
     0.000000     0.000895   995.204709     0.000000   100944.360   293.000000
     0.001000     0.000895   994.229070     2.611532   102095.197   293.955515
     0.002000     0.000895   991.896637     8.718632   104836.875   296.204078
     0.003000     0.000895   987.232327    20.457527   110310.450   300.569803
     0.004000     0.000895   979.263489    39.248731   119668.129   307.631019
     0.005000     0.000895   964.863257    71.384023   137503.730   320.428050
     0.006000     0.000895   934.845912   114.714894   169191.562   344.703573
     0.007000     0.000895   862.695655   152.232472   200514.104   385.657146
     0.008000     0.000895   722.845478   151.528581   228206.011   470.750756
     0.009000     0.000895   476.748516   109.702020   244725.932   590.224663
     0.010000     0.000895   233.201127    59.849120   242348.611   661.936704
     0.011000     0.000895   135.208083    26.043709   235602.304   678.880648
     0.012000     0.000895   178.425422   -15.227769   243659.528   677.900598
     0.013000     0.000895   324.954678   -56.580013   250368.224   644.049108
     0.014000     0.000895   489.385819   -79.823167   265699.816   600.012562
     0.015000     0.000895   624.301201   -89.589998   285259.965   554.078404
     0.016000     0.000895   696.574854   -84.966994   311274.168   514.815242
     0.017000     0.000895   733.171425   -71.775234   338907.424   493.398110
     0.018000     0.000895   749.705172   -53.500430   368394.294   485.792292
     0.019000     0.000895   756.912605   -36.249180   396762.225   485.539519
     0.020000     0.000895   758.543261   -24.928953   417750.275   486.665047
     0.021000     0.000895   759.283405   -17.133794   432720.604   487.643280
     0.022000     0.000895   759.362357   -12.146312   442228.302   488.541520
     0.023000     0.000895   759.495027    -8.520630   449680.071   489.148608
     0.024000     0.000895   759.143329    -5.649521   454085.545   489.872145
     0.025000     0.000895   758.954026    -3.963901   457681.083   490.336695
     0.026000     0.000895   758.556164    -2.180470   459538.325   490.904530
     0.027000     0.000895   758.053447    -1.145574   461173.244   491.529403
     0.028000     0.000895   757.286864    -0.353446   462146.422   492.092132
     0.029000     0.000895   756.939549    -0.316287   462338.625   492.466432
     0.030000     0.000895   756.592234    -0.279128   462530.827   492.840731
     0.000000     0.001053   995.204709     0.000000   100944.360   293.000000
     0.001000     0.001053   994.563842     1.722280   101701.981   293.630931
     0.002000     0.001053   992.948757     5.992460   103604.903   295.200881
     0.003000     0.001053   989.309679    15.307686   107876.063   298.655897
     0.004000     0.001053   982.569049    31.626691   115783.785   304.747164
     0.005000     0.001053   969.651175    59.918771   130914.401   315.669384
     0.006000     0.001053   950.789736   103.901797   159456.292   335.536690
     0.007000     0.001053   901.684006   147.604885   193862.100   364.543510
     0.008000     0.001053   818.331133   167.035476   221094.876   412.856664
     0.009000     0.001053   662.372199   149.034287   243275.341   507.898761
     0.010000     0.001053   440.463194    95.054461   245191.778   606.872909
     0.011000     0.001053   306.820083    34.343134   239190.105   649.630481
     0.012000     0.001053   350.663493   -27.241088   245823.903   639.399090
     0.013000     0.001053   500.692747   -86.433194   250387.790   591.045539
     0.014000     0.001053   640.131744  -106.763641   263858.173   538.107023
     0.015000     0.001053   727.471544  -108.028879   282120.547   491.711356
     0.016000     0.001053   768.741515   -98.882613   305826.318   466.786161
     0.017000     0.001053   789.144869   -82.573199   331515.369   457.430210
     0.018000     0.001053   796.545986   -62.557288   360022.780   456.763619
     0.019000     0.001053   797.540074   -42.821532   390295.859   461.176243
     0.020000     0.001053   794.800292   -28.946236   413428.925   465.330662
     0.021000     0.001053   792.489687   -19.634077   429862.716   468.372247
     0.022000     0.001053   790.742714   -13.758567   440312.618   470.399017
     0.023000     0.001053   789.527640    -9.579637   448268.349   471.886451
     0.024000     0.001053   788.456944    -6.306795   453097.496   472.962203
     0.025000     0.001053   787.768834    -4.357670   456933.976   473.766478
     0.026000     0.001053   787.158805    -2.376120   458920.989   474.316987
     0.027000     0.001053   786.629527    -1.248724   460770.672   474.912968
     0.028000     0.001053   785.986287    -0.335782   461939.119   475.376325
     0.029000     0.001053   785.719192    -0.247493   462257.921   475.617776
     0.030000     0.001053   785.452097    -0.159204   462576.724   475.859227
     0.000000     0.001224   995.204709     0.000000   100944.360   293.000000
     0.001000     0.001224   994.797629     1.097162   101426.500   293.402436
     0.002000     0.001224   993.728804     3.944155   102688.600   294.448722
     0.003000     0.001224   991.087163    10.804392   105792.487   296.982959
     0.004000     0.001224   985.672987    24.235487   112139.445   301.983476
     0.005000     0.001224   974.945218    48.462201   124583.837   311.176572
     0.006000     0.001224   955.576565    89.739028   149016.400   328.000956
     0.007000     0.001224   926.312234   136.167758   186134.833   353.248973
     0.008000     0.001224   871.973749   171.432822   213945.108   382.950269
     0.009000     0.001224   779.467113   170.118160   240509.746   441.486101
     0.010000     0.001224   641.021232   126.809582   251535.986   530.256182
     0.011000     0.001224   504.166841    48.991725   248135.667   590.685057
     0.012000     0.001224   546.015639   -35.787962   254202.185   575.889301
     0.013000     0.001224   653.080452  -114.330548   251562.852   525.025425
     0.014000     0.001224   745.412465  -128.547923   260556.127   475.715989
     0.015000     0.001224   794.249505  -123.683931   277294.175   446.762739
     0.016000     0.001224   815.783718  -111.412682   298376.670   435.733723
     0.017000     0.001224   825.860672   -93.501465   322062.680   434.171808
     0.018000     0.001224   826.191630   -72.446553   349772.017   438.284229
     0.019000     0.001224   822.418431   -50.497833   381504.839   446.015224
     0.020000     0.001224   816.071688   -33.684479   407493.743   452.754568
     0.021000     0.001224   811.246708   -22.560270   426007.266   457.526098
     0.022000     0.001224   808.066076   -15.621418   437783.684   460.538287
     0.023000     0.001224   805.760223   -10.794573   446420.082   462.700850
     0.024000     0.001224   804.202200    -7.059603   451772.079   464.104241
     0.025000     0.001224   803.009710    -4.840498   455964.096   465.182690
     0.026000     0.001224   802.305429    -2.660438   458159.425   465.799374
     0.027000     0.001224   801.594188    -1.450816   460267.085   466.429935
     0.028000     0.001224   801.022540    -0.405515   461674.909   466.886660
     0.029000     0.001224   800.763895    -0.250741   462170.583   467.092956
     0.030000     0.001224   800.505250    -0.095968   462666.258   467.299253
     0.000000     0.001409   995.204709     0.000000   100944.360   293.000000
     0.001000     0.001409   994.955151     0.673709   101240.387   293.247501
     0.002000     0.001409   994.278885     2.484165   102040.538   293.913226
     0.003000     0.001409   992.475631     7.222559   104164.327   295.660662
     0.004000     0.001409   988.439287    17.436940   108894.181   299.462173
     0.005000     0.001409   980.011831    37.286582   118726.149   306.933011
     0.006000     0.001409   962.530731    73.430754   139092.740   321.285002
     0.007000     0.001409   940.324836   122.566959   174177.711   344.138717
     0.008000     0.001409   899.722379   167.247751   207182.378   367.965757
     0.009000     0.001409   841.094242   175.641210   235377.982   402.370637
     0.010000     0.001409   759.528195   146.276456   258568.816   460.238636
     0.011000     0.001409   676.019248    60.171359   268658.128   523.754585
     0.012000     0.001409   696.286730   -43.619687   274554.516   510.930642
     0.013000     0.001409   756.996657  -120.718085   263317.497   469.060393
     0.014000     0.001409   811.313658  -143.247638   258562.070   432.692381
     0.015000     0.001409   835.468327  -137.298844   270602.527   418.612482
     0.016000     0.001409   845.895810  -123.575922   288957.851   416.042753
     0.017000     0.001409   848.215523  -104.966244   310990.334   419.335221
     0.018000     0.001409   844.291798   -83.282652   337807.589   426.474067
     0.019000     0.001409   836.979928   -59.738678   370121.853   436.293640
     0.020000     0.001409   827.940359   -39.549372   399529.859   445.303871
     0.021000     0.001409   821.066337   -26.121803   420826.000   451.633193
     0.022000     0.001409   816.625941   -17.822397   434421.012   455.568926
     0.023000     0.001409   813.502645   -12.179182   443975.470   458.276050
     0.024000     0.001409   811.442435    -7.986209   450124.758   460.030938
     0.025000     0.001409   809.894637    -5.428777   454748.871   461.330151
     0.026000     0.001409   809.025586    -3.041081   457246.790   462.052758
     0.027000     0.001409   808.173285    -1.747761   459652.156   462.753781
     0.028000     0.001409   807.545585    -0.556159   461329.535   463.253873
     0.029000     0.001409   807.253835    -0.318986   462048.252   463.482974
     0.030000     0.001409   806.962086    -0.081813   462766.969   463.712074
     0.000000     0.001609   995.204709     0.000000   100944.360   293.000000
     0.001000     0.001609   995.057326     0.397703   101119.415   293.146528
     0.002000     0.001609   994.648102     1.495278   101604.427   293.551093
     0.003000     0.001609   993.486851     4.567954   102975.531   294.686261
     0.004000     0.001609   990.673994    11.794067   106279.047   297.380456
     0.005000     0.001609   984.432736    26.900396   113565.765   303.076808
     0.006000     0.001609   970.421188    56.902630   129710.658   314.846349
     0.007000     0.001609   946.372486   104.200990   160597.470   335.317269
     0.008000     0.001609   921.166860   155.800293   199359.302   359.490309
     0.009000     0.001609   878.647036   173.353995   231440.422   383.819714
     0.010000     0.001609   825.341784   148.586086   268679.440   420.824842
     0.011000     0.001609   769.354870    57.773540   307893.373   471.065938
     0.012000     0.001609   782.186693   -44.211503   304705.620   461.645664
     0.013000     0.001609   816.158898  -114.730366   282035.464   435.322851
     0.014000     0.001609   846.862538  -143.997398   264922.874   411.579768
     0.015000     0.001609   859.639233  -145.349391   266564.890   403.212263
     0.016000     0.001609   863.266222  -135.641025   278384.589   403.628464
     0.017000     0.001609   861.518504  -117.601627   298136.052   409.368433
     0.018000     0.001609   855.331952   -95.490660   324031.689   418.232012
     0.019000     0.001609   845.769114   -70.665289   355698.801   429.074510
     0.020000     0.001609   835.061243   -46.968350   388672.202   440.060949
     0.021000     0.001609   826.174595   -30.624780   413821.355   448.037865
     0.022000     0.001609   820.455645   -20.552201   429974.662   452.983221
     0.023000     0.001609   816.560642   -13.941984   440959.649   456.273903
     0.024000     0.001609   814.015807    -9.116697   448045.593   458.371296
     0.025000     0.001609   812.119972    -6.152246   453248.950   459.898188
     0.026000     0.001609   811.059235    -3.522926   456152.406   460.750745
     0.027000     0.001609   810.052484    -2.141688   458911.459   461.556733
     0.028000     0.001609   809.328528    -0.787627   460885.546   462.134834
     0.029000     0.001609   808.955534    -0.463178   461883.139   462.431579
     0.030000     0.001609   808.582540    -0.138729   462880.732   462.728324
     0.000000     0.001827   995.204709     0.000000   100944.360   293.000000
     0.001000     0.001827   995.120913     0.224815   101043.999   293.083464
     0.002000     0.001827   994.883834     0.857864   101325.396   293.318589
     0.003000     0.001827   994.175699     2.728194   102163.450   294.015434
     0.004000     0.001827   992.336710     7.466894   104330.162   295.797241
     0.005000     0.001827   987.991099    18.108441   109419.142   299.874070
     0.006000     0.001827   977.769302    40.750243   121303.423   308.862786
     0.007000     0.001827   955.664133    82.063573   147351.265   326.812781
     0.008000     0.001827   927.446675   139.447540   186971.066   351.471468
     0.009000     0.001827   894.578621   155.487232   233362.864   377.827296
     0.010000     0.001827   856.328731   123.472029   293226.343   411.212331
     0.011000     0.001827   813.542414    44.229268   359460.343   449.201063
     0.012000     0.001827   823.360944   -38.182986   341921.562   440.575007
     0.013000     0.001827   843.043882   -99.122039   307774.429   422.408138
     0.014000     0.001827   862.190292  -135.690910   276932.883   404.441476
     0.015000     0.001827   871.231799  -145.032312   269282.372   397.906650
     0.016000     0.001827   872.200694  -142.418632   272289.876   397.589320
     0.017000     0.001827   869.591007  -130.487198   284729.301   402.131722
     0.018000     0.001827   862.599447  -109.483032   307863.107   411.124307
     0.019000     0.001827   852.201364   -83.956403   338626.017   422.538515
     0.020000     0.001827   840.194586   -57.346245   374446.188   435.022568
     0.021000     0.001827   829.315342   -36.827441   404533.670   444.924987
     0.022000     0.001827   822.155716   -24.205379   424161.035   451.104913
     0.023000     0.001827   817.398025   -16.142832   437017.037   455.040049
     0.024000     0.001827   814.304351   -10.539927   445415.416   457.568584
     0.025000     0.001827   812.107640    -7.056961   451382.533   459.345297
     0.026000     0.001827   810.835220    -4.141739   454850.894   460.374656
     0.027000     0.001827   809.670597    -2.642596   458027.047   461.309004
     0.028000     0.001827   808.835277    -1.109640   460317.740   461.980778
     0.029000     0.001827   808.350636    -0.685966   461646.671   462.372066
     0.030000     0.001827   807.865995    -0.262292   462975.602   462.763354
     0.000000     0.002062   995.204709     0.000000   100944.360   293.000000
     0.001000     0.002062   995.158710     0.120736   100999.100   293.045877
     0.002000     0.002062   995.026682     0.465766   101155.985   293.177116
     0.003000     0.002062   994.614993     1.528918   101644.137   293.584186
     0.004000     0.002062   993.477204     4.390375   102989.027   294.698061
     0.005000     0.002062   990.623276    11.238885   106347.160   297.432739
     0.006000     0.002062   983.583982    26.678998   114600.792   303.884874
     0.007000     0.002062   966.194241    58.503161   135101.113   318.616107
     0.008000     0.002062   934.908140   109.871957   176965.683   345.445167
     0.009000     0.002062   897.590294   120.948710   240070.131   378.508998
     0.010000     0.002062   858.415829    87.291013   326146.106   416.145132
     0.011000     0.002062   822.357002    33.832688   406428.012   447.704367
     0.012000     0.002062   832.582563   -26.691234   379874.457   438.909560
     0.013000     0.002062   849.187402   -78.708898   337701.898   423.456407
     0.014000     0.002062   866.592358  -119.404092   296211.764   406.914903
     0.015000     0.002062   874.292265  -138.935969   276084.756   398.274583
     0.016000     0.002062   875.227560  -141.766705   273187.779   396.861275
     0.017000     0.002062   873.361269  -138.145016   276945.905   398.477420
     0.018000     0.002062   867.860150  -124.390766   291640.785   404.609150
     0.019000     0.002062   858.069940  -100.234971   319076.391   415.433487
     0.020000     0.002062   845.303490   -71.509272   355242.795   428.743654
     0.021000     0.002062   832.171483   -45.413582   391559.903   441.252760
     0.022000     0.002062   823.120537   -29.135016   416093.850   449.272995
     0.023000     0.002062   817.291329   -19.106480   431878.748   454.262326
     0.024000     0.002062   813.503660   -12.404105   442062.385   457.406933
     0.025000     0.002062   810.889837    -8.233754   449063.294   459.545819
     0.026000     0.002062   809.324689    -4.940860   453281.859   460.820865
     0.027000     0.002062   807.956897    -3.273711   456969.251   461.923606
     0.028000     0.002062   806.994665    -1.532181   459588.011   462.697979
     0.029000     0.002062   806.363133    -1.005081   461318.856   463.206921
     0.030000     0.002062   805.731601    -0.477981   463049.702   463.715863
     0.000000     0.002317   995.204709     0.000000   100944.360   293.000000
     0.001000     0.002317   995.180030     0.060510   100973.738   293.024635
     0.002000     0.002317   995.108338     0.235459   101058.983   293.096016
     0.003000     0.002317   994.876500     0.791242   101334.239   293.326034
     0.004000     0.002317   994.198532     2.356048   102137.828   293.994884
     0.005000     0.002317   992.372262     6.224466   104300.124   295.776022
     0.006000     0.002317   987.553731    15.036512   110029.683   300.368073
     0.007000     0.002317   974.735016    33.701988   125650.329   312.030837
     0.008000     0.002317   942.876533    68.666605   169192.359   340.819323
     0.009000     0.002317   897.057138    70.459814   248979.228   382.153693
     0.010000     0.002317   852.549207    48.224301   355053.228   424.783769
     0.011000     0.002317   820.610417    20.706693   435860.248   452.122784
     0.012000     0.002317   828.263418   -15.171245   413976.511   445.568954
     0.013000     0.002317   843.659044   -56.959593   369556.967   431.440696
     0.014000     0.002317   861.191252   -97.828210   321578.675   414.945111
     0.015000     0.002317   871.235239  -125.684895   289783.321   403.219186
     0.016000     0.002317   874.663985  -137.672261   277171.042   398.363866
     0.017000     0.002317   873.159625  -137.947593   276935.481   398.555387
     0.018000     0.002317   870.300120  -133.243454   282254.433   401.139032
     0.019000     0.002317   863.317608  -117.316033   299718.175   408.659134
     0.020000     0.002317   851.364680   -89.785920   332023.123   421.462399
     0.021000     0.002317   836.838957   -58.833378   372749.544   436.363740
     0.022000     0.002317   825.102882   -36.524800   404766.951   447.271324
     0.023000     0.002317   817.610198   -23.273539   424865.275   453.788497
     0.024000     0.002317   812.886920   -14.911454   437615.082   457.796713
     0.025000     0.002317   809.705539    -9.780797   446079.033   460.419587
     0.026000     0.002317   807.733086    -5.989005   451349.291   462.026982
     0.027000     0.002317   806.110298    -4.073407   455678.412   463.333527
     0.028000     0.002317   804.993671    -2.084521   458679.238   464.226557
     0.029000     0.002317   804.176653    -1.454053   460893.592   464.878666
     0.030000     0.002317   803.359635    -0.823586   463107.947   465.530775
     0.000000     0.002593   995.204709     0.000000   100944.360   293.000000
     0.001000     0.002593   995.190796     0.025244   100960.908   293.013888
     0.002000     0.002593   995.150089     0.098260   101009.285   293.054451
     0.003000     0.002593   995.011941     0.330378   101173.333   293.191797
     0.004000     0.002593   994.576278     0.970132   101690.633   293.623777
     0.005000     0.002593   993.296309     2.447500   103214.283   294.887503
     0.006000     0.002593   989.616870     5.244089   107644.787   298.491415
     0.007000     0.002593   978.971375     9.355031   120984.641   308.691437
     0.008000     0.002593   945.676962    12.363328   167384.753   339.795646
     0.009000     0.002593   895.593403     9.329835   255306.763   385.146957
     0.010000     0.002593   848.058266     9.281822   366827.901   428.910472
     0.011000     0.002593   817.219853     7.034316   446308.201   454.766116
     0.012000     0.002593   819.449905    -6.463495   439674.539   452.941411
     0.013000     0.002593   831.642479   -34.857932   402863.598   442.051417
     0.014000     0.002593   849.143335   -72.557993   352347.264   425.877610
     0.015000     0.002593   862.305792  -106.421738   310766.631   411.431654
     0.016000     0.002593   868.927448  -127.326559   287342.637   402.977811
     0.017000     0.002593   870.149568  -135.378158   279457.204   400.471125
     0.018000     0.002593   869.215805  -134.776379   280485.740   401.521547
     0.019000     0.002593   865.919419  -128.509854   287558.447   405.040764
     0.020000     0.002593   857.878665  -109.659819   308642.517   414.006703
     0.021000     0.002593   843.796817   -78.488730   346336.480   428.588979
     0.022000     0.002593   829.219129   -48.000813   387415.752   443.241448
     0.023000     0.002593   818.971176   -29.485144   414677.353   452.347923
     0.024000     0.002593   812.670153   -18.485565   431501.879   457.730612
     0.025000     0.002593   808.559756   -11.927195   442172.739   461.073886
     0.026000     0.002593   805.986826    -7.400985   448909.045   463.144072
     0.027000     0.002593   804.025079    -5.097300   454041.109   464.704708
     0.028000     0.002593   802.692904    -2.798633   457560.151   465.758803
     0.029000     0.002593   801.649973    -2.065156   460350.341   466.584534
     0.030000     0.002593   800.607043    -1.331679   463140.531   467.410265
     0.000000     0.002892   995.204709     0.000000   100944.360   293.000000
     0.001000     0.002892   995.194388     0.001850   100956.585   293.010281
     0.002000     0.002892   995.163630     0.007686   100993.020   293.040899
     0.003000     0.002892   995.054795     0.007024   101121.888   293.149096
     0.004000     0.002892   994.682112    -0.078045   101563.325   293.518990
     0.005000     0.002892   993.460224    -0.742304   103014.140   294.727055
     0.006000     0.002892   989.524591    -4.146657   107723.368   298.572118
     0.007000     0.002892   977.138048   -16.862246   122881.272   310.197022
     0.008000     0.002892   941.265857   -52.071042   171701.552   343.186658
     0.009000     0.002892   894.837966   -53.422554   252810.625   385.173461
     0.010000     0.002892   851.773286   -32.121874   353706.008   425.480725
     0.011000     0.002892   817.697826    -6.809989   440240.086   454.539170
     0.012000     0.002892   816.059610    -8.445428   444676.969   455.872825
     0.013000     0.002892   822.301571   -20.787421   426184.870   450.542972
     0.014000     0.002892   835.640847   -47.827097   385794.662   438.310060
     0.015000     0.002892   852.136438   -82.502474   339039.654   423.054455
     0.016000     0.002892   862.183960  -110.773927   305398.325   411.349088
     0.017000     0.002892   867.991168  -127.428866   287609.106   405.006421
     0.018000     0.002892   867.825412  -132.904673   282367.623   403.458284
     0.019000     0.002892   866.328791  -131.691168   284117.380   404.754022
     0.020000     0.002892   861.677613  -123.498852   293233.028   409.056178
     0.021000     0.002892   851.463078  -100.928561   318680.022   419.649733
     0.022000     0.002892   835.710342   -67.382524   360491.507   435.573266
     0.023000     0.002892   821.378513   -39.654457   399006.669   449.080643
     0.024000     0.002892   812.479756   -23.935898   422473.459   456.798484
     0.025000     0.002892   807.165223   -15.024230   436680.666   461.303161
     0.026000     0.002892   803.773990    -9.345956   445628.527   464.071572
     0.027000     0.002892   801.387759    -6.416333   451869.920   465.976998
     0.028000     0.002892   799.754203    -3.738434   456158.017   467.265362
     0.029000     0.002892   798.434314    -2.895816   459670.302   468.308570
     0.030000     0.002892   797.114424    -2.053199   463182.587   469.351778
     0.000000     0.003215   995.204709     0.000000   100944.360   293.000000
     0.001000     0.003215   995.191857    -0.021632   100959.496   293.012761
     0.002000     0.003215   995.152883    -0.087833   101005.420   293.051457
     0.003000     0.003215   995.010572    -0.339760   101173.015   293.192550
     0.004000     0.003215   994.494284    -1.304435   101780.189   293.702387
     0.005000     0.003215   992.684025    -4.852436   103899.555   295.467120
     0.006000     0.003215   986.491318   -16.980560   111055.691   301.275428
     0.007000     0.003215   967.390239   -50.382079   133018.310   317.926892
     0.008000     0.003215   930.468395  -114.261591   180257.310   349.791472
     0.009000     0.003215   894.309534  -112.466312   241612.716   381.324590
     0.010000     0.003215   860.189957   -79.612547   318497.470   413.607599
     0.011000     0.003215   825.052020   -29.837370   412566.056   447.623374
     0.012000     0.003215   814.929504   -12.647653   440532.550   456.378341
     0.013000     0.003215   816.726541   -15.619982   435240.081   454.915405
     0.014000     0.003215   824.536379   -30.053825   411954.736   448.077825
     0.015000     0.003215   837.753796   -57.532250   371770.681   435.546209
     0.016000     0.003215   852.313606   -89.063515   330587.675   421.756534
     0.017000     0.003215   859.576540  -112.896229   303303.574   412.171068
     0.018000     0.003215   863.850247  -126.199046   289051.735   407.235624
     0.019000     0.003215   862.569475  -130.168792   285560.432   406.555555
     0.020000     0.003215   861.040278  -128.316616   287770.151   408.217222
     0.021000     0.003215   856.025051  -118.083794   298858.357   413.352870
     0.022000     0.003215   844.316743   -91.739299   329059.479   425.605611
     0.023000     0.003215   828.051696   -57.748582   372810.205   441.827193
     0.024000     0.003215   815.000829   -33.154482   407932.064   453.770531
     0.025000     0.003215   807.323753   -19.994170   428502.876   460.340320
     0.026000     0.003215   802.673529   -12.252049   440968.580   464.196797
     0.027000     0.003215   799.714652    -8.272599   448941.871   466.613545
     0.028000     0.003215   797.699150    -5.049790   454386.154   468.239508
     0.029000     0.003215   796.064306    -4.039770   458804.337   469.547690
     0.030000     0.003215   794.429462    -3.029750   463222.520   470.855873
     0.000000     0.003566   995.204709     0.000000   100944.360   293.000000
     0.001000     0.003566   995.179722    -0.060885   100973.683   293.024747
     0.002000     0.003566   995.103681    -0.246343   101062.963   293.100050
     0.003000     0.003566   994.820988    -0.936380   101394.335   293.379139
     0.004000     0.003566   993.781779    -3.454577   102605.638   294.395054
     0.005000     0.003566   990.112773   -12.021540   106810.122   297.873566
     0.006000     0.003566   977.897234   -37.592973   120345.694   308.633521
     0.007000     0.003566   948.270109   -91.902362   155869.190   334.129229
     0.008000     0.003566   913.331673  -152.448734   196338.680   359.381029
     0.009000     0.003566   893.233102  -155.632580   230415.476   376.738558
     0.010000     0.003566   873.183376  -129.738268   275355.683   397.183287
     0.011000     0.003566   843.664128   -70.607123   354555.674   428.957164
     0.012000     0.003566   818.594250   -24.713794   421366.142   452.537182
     0.013000     0.003566   814.381522   -17.365345   432939.560   456.205168
     0.014000     0.003566   816.887512   -21.372260   425325.733   454.084693
     0.015000     0.003566   824.801773   -36.727069   401117.640   446.901594
     0.016000     0.003566   837.384549   -63.972335   362515.991   434.695307
     0.017000     0.003566   849.877120   -92.828693   326218.332   422.474903
     0.018000     0.003566   855.726526  -113.140389   303084.294   414.487151
     0.019000     0.003566   859.418119  -124.464096   291228.689   410.492954
     0.020000     0.003566   858.403812  -127.129510   288768.000   410.067283
     0.021000     0.003566   857.009284  -124.643927   291306.293   411.467335
     0.022000     0.003566   851.661298  -112.599496   304502.070   417.076474
     0.023000     0.003566   838.749151   -83.506660   338810.862   430.450986
     0.024000     0.003566   822.789023   -50.235203   382925.829   446.300286
     0.025000     0.003566   811.181808   -28.687393   414770.701   456.796493
     0.026000     0.003566   804.265511   -16.938157   433565.354   462.686267
     0.027000     0.003566   800.225844   -11.037993   444618.502   466.034012
     0.028000     0.003566   797.519518    -6.920900   451967.861   468.223639
     0.029000     0.003566   795.455356    -5.629184   457616.631   469.884704
     0.030000     0.003566   793.391194    -4.337467   463265.402   471.545769
     0.000000     0.003946   995.204709     0.000000   100944.360   293.000000
     0.001000     0.003946   995.146584    -0.151288   101012.427   293.057460
     0.002000     0.003946   994.968555    -0.613988   101220.864   293.233272
     0.003000     0.003946   994.306704    -2.318848   101992.230   293.882406
     0.004000     0.003946   991.901528    -8.320265   104753.184   296.189732
     0.005000     0.003946   983.733434   -26.949328   113801.200   303.573090
     0.006000     0.003946   960.543923   -72.424645   139269.617   322.928936
     0.007000     0.003946   923.950042  -132.750881   184923.996   352.870733
     0.008000     0.003946   900.521122  -170.595155   211511.775   367.848877
     0.009000     0.003946   890.802493  -177.776535   225952.452   375.314723
     0.010000     0.003946   880.975119  -166.793192   244496.924   384.504775
     0.011000     0.003946   862.619412  -125.689030   289204.930   404.872030
     0.012000     0.003946   832.388064   -60.315487   370427.088   437.508346
     0.013000     0.003946   814.428887   -26.463930   419026.427   454.333943
     0.014000     0.003946   812.819158   -22.232399   423832.405   455.983544
     0.015000     0.003946   815.471326   -26.651230   416262.464   453.863630
     0.016000     0.003946   823.157234   -41.762207   393455.264   446.995861
     0.017000     0.003946   835.293812   -67.883206   357444.316   435.398860
     0.018000     0.003946   846.318884   -94.028923   324873.038   424.225482
     0.019000     0.003946   852.444533  -112.381957   304367.751   416.827443
     0.020000     0.003946   855.619376  -122.185188   293681.450   412.905476
     0.021000     0.003946   855.855577  -123.782472   291831.143   412.306279
     0.022000     0.003946   854.700299  -121.074356   294951.806   413.626444
     0.023000     0.003946   849.328246  -107.809352   309729.944   419.610574
     0.024000     0.003946   835.846745   -77.266772   346638.589   433.691931
     0.025000     0.003946   820.578163   -45.280568   390272.164   449.027915
     0.026000     0.003946   809.622799   -25.473489   420529.207   458.830011
     0.027000     0.003946   803.545304   -15.687403   437531.077   464.043330
     0.028000     0.003946   799.631418    -9.819064   448340.202   467.273851
     0.029000     0.003946   796.937923    -7.944240   455821.878   469.465712
     0.030000     0.003946   794.244427    -6.069415   463303.553   471.657572
     0.000000     0.004358   995.204709     0.000000   100944.360   293.000000
     0.001000     0.004358   995.057818    -0.386588   101115.938   293.144832
     0.002000     0.004358   994.604545    -1.572269   101644.234   293.590274
     0.003000     0.004358   992.928547    -5.848192   103573.592   295.211268
     0.004000     0.004358   987.015613   -19.844119   110148.337   300.667844
     0.005000     0.004358   969.278721   -56.228994   129243.922   315.730024
     0.006000     0.004358   935.420604  -119.812166   169585.628   343.584925
     0.007000     0.004358   905.038779  -160.049566   207867.751   366.021128
     0.008000     0.004358   891.857686  -177.985168   222050.269   373.617412
     0.009000     0.004358   886.446962  -184.149025   227553.628   376.921314
     0.010000     0.004358   882.212881  -181.428753   233527.801   380.563708
     0.011000     0.004358   875.162545  -166.469559   248778.284   388.483769
     0.012000     0.004358   855.211756  -118.135857   298499.551   411.213906
     0.013000     0.004358   827.930280   -57.089661   373632.604   441.125724
     0.014000     0.004358   813.996703   -29.910543   412022.784   454.226648
     0.015000     0.004358   813.106912   -27.468475   415439.528   455.357890
     0.016000     0.004358   815.726579   -31.703533   408688.342   453.327583
     0.017000     0.004358   823.020723   -45.551008   388330.141   446.959266
     0.018000     0.004358   834.534024   -69.565462   355699.973   436.147847
     0.019000     0.004358   844.659085   -93.719252   325782.780   425.494872
     0.020000     0.004358   851.636252  -110.488368   306261.510   418.208668
     0.021000     0.004358   855.014274  -119.379258   296260.501   414.254116
     0.022000     0.004358   855.705932  -120.620985   295327.087   413.824055
     0.023000     0.004358   854.826378  -117.645829   298557.694   414.960873
     0.024000     0.004358   849.379431  -104.085483   314192.154   421.083368
     0.025000     0.004358   835.733552   -73.675159   352037.552   435.179051
     0.026000     0.004358   820.632756   -42.388903   395740.549   450.205631
     0.027000     0.004358   810.576815   -24.534662   424311.217   459.226941
     0.028000     0.004358   804.248974   -14.785540   441960.475   464.547547
     0.029000     0.004358   800.477807   -11.564622   452603.338   467.643466
     0.030000     0.004358   796.706640    -8.343704   463246.200   470.739386
     0.000000     0.004803   995.204709     0.000000   100944.360   293.000000
     0.001000     0.004803   994.808097    -1.038581   101405.539   293.389131
     0.002000     0.004803   993.573030    -4.213678   102829.848   294.589592
     0.003000     0.004803   989.081098   -15.048207   107844.484   298.795298
     0.004000     0.004803   974.644185   -45.365470   123206.706   311.266367
     0.005000     0.004803   943.769679  -103.309430   159175.775   337.081505
     0.006000     0.004803   910.504723  -155.796028   198278.888   361.222032
     0.007000     0.004803   893.004107  -175.396902   219054.532   372.663222
     0.008000     0.004803   885.234176  -181.841646   227524.027   377.721553
     0.009000     0.004803   882.542383  -185.443087   229577.337   379.690723
     0.010000     0.004803   880.881387  -185.131249   231324.332   381.292301
     0.011000     0.004803   878.780132  -181.387529   235375.044   383.586516
     0.012000     0.004803   872.478012  -164.571012   250985.461   391.235393
     0.013000     0.004803   852.877321  -115.769020   301108.971   413.804530
     0.014000     0.004803   828.699772   -59.845185   369822.135   440.962455
     0.015000     0.004803   816.665486   -35.608459   404063.536   452.460321
     0.016000     0.004803   815.991807   -32.833265   407783.193   453.586069
     0.017000     0.004803   818.256995   -36.460022   402289.634   451.755728
     0.018000     0.004803   824.713214   -47.966386   385453.499   446.328514
     0.019000     0.004803   835.084152   -68.906892   356805.454   436.704375
     0.020000     0.004803   845.395972   -91.579940   328271.237   426.378060
     0.021000     0.004803   852.764580  -107.839406   309325.587   419.051851
     0.022000     0.004803   855.957725  -116.569630   299959.991   415.117307
     0.023000     0.004803   857.094771  -117.271973   298808.427   414.259655
     0.024000     0.004803   856.004626  -114.585838   302398.388   415.202917
     0.025000     0.004803   850.548858  -101.771257   317819.988   420.630791
     0.026000     0.004803   837.025404   -72.433041   355279.060   434.371691
     0.027000     0.004803   822.551400   -42.800476   398056.847   448.760356
     0.028000     0.004803   811.497447   -24.399736   429004.550   458.453819
     0.029000     0.004803   805.690674   -17.843261   445655.854   463.381514
     0.030000     0.004803   799.883901   -11.286786   462307.159   468.309209
     0.000000     0.005286   995.204709     0.000000   100944.360   293.000000
     0.001000     0.005286   994.061339    -2.943668   102259.483   294.109119
     0.002000     0.005286   990.466014   -11.708628   106281.946   297.505516
     0.003000     0.005286   978.235626   -37.762902   119200.441   308.239149
     0.004000     0.005286   948.718859   -92.042302   151275.674   332.251153
     0.005000     0.005286   913.889337  -146.864280   193093.370   358.993908
     0.006000     0.005286   893.423162  -172.823916   216233.975   372.304393
     0.007000     0.005286   884.939850  -182.495460   225187.519   377.814814
     0.008000     0.005286   881.415177  -184.730465   229389.038   380.618188
     0.009000     0.005286   880.384765  -186.066599   230433.118   381.561686
     0.010000     0.005286   880.073493  -186.191831   230998.672   382.042953
     0.011000     0.005286   879.843588  -185.397024   231956.368   382.487783
     0.012000     0.005286   878.679725  -181.291497   235719.355   384.212379
     0.013000     0.005286   873.221283  -164.846123   250859.722   391.290072
     0.014000     0.005286   855.619207  -119.608932   297244.378   411.914156
     0.015000     0.005286   834.446152   -67.765134   359884.751   436.573270
     0.016000     0.005286   822.629400   -42.897396   394097.881   448.027499
     0.017000     0.005286   821.445438   -38.381161   400466.772   449.918594
     0.018000     0.005286   823.210207   -40.921495   396413.919   448.384438
     0.019000     0.005286   828.251797   -49.360165   383810.638   444.074206
     0.020000     0.005286   837.157362   -66.843269   359700.976   435.732983
     0.021000     0.005286   846.748661   -87.748072   333174.706   426.009845
     0.022000     0.005286   854.194085  -104.011086   313788.903   418.390608
     0.023000     0.005286   857.793239  -112.536575   303845.166   414.125991
     0.024000     0.005286   858.034298  -114.343528   303328.447   413.512943
     0.025000     0.005286   857.030306  -111.825576   306430.644   414.267977
     0.026000     0.005286   851.810541  -100.741845   320759.300   419.658572
     0.027000     0.005286   838.845495   -74.639456   356210.607   432.646273
     0.028000     0.005286   823.221628   -44.956306   401313.898   448.035440
     0.029000     0.005286   813.487777   -30.386641   429472.397   456.724433
     0.030000     0.005286   803.753926   -15.816976   457630.895   465.413427
     0.000000     0.005809   995.204709     0.000000   100944.360   293.000000
     0.001000     0.005809   991.643528    -8.719523   104902.370   296.346095
     0.002000     0.005809   980.639761   -32.216696   116379.481   306.075206
     0.003000     0.005809   951.910487   -84.225356   146415.866   329.484789
     0.004000     0.005809   915.340039  -141.683759   188669.500   357.543813
     0.005000     0.005809   892.396542  -170.836639   214551.796   372.872055
     0.006000     0.005809   883.620163  -180.750896   225416.745   379.117661
     0.007000     0.005809   880.860160  -185.160771   228611.610   381.139928
     0.008000     0.005809   880.078773  -186.335288   230068.716   381.953598
     0.009000     0.005809   879.935712  -186.716131   230631.347   382.173604
     0.010000     0.005809   880.253037  -186.841519   230844.155   382.139017
     0.011000     0.005809   880.828995  -186.691800   231053.803   381.991185
     0.012000     0.005809   881.473899  -185.857539   231812.787   381.939438
     0.013000     0.005809   881.099345  -182.146061   235266.253   382.988123
     0.014000     0.005809   876.694574  -167.918689   248536.978   388.477794
     0.015000     0.005809   861.954465  -129.019003   287845.863   405.960237
     0.016000     0.005809   843.294168   -80.729818   344009.475   428.366262
     0.017000     0.005809   830.188749   -52.592956   381709.398   441.283962
     0.018000     0.005809   827.670150   -44.259167   392467.808   444.654442
     0.019000     0.005809   828.797539   -45.466177   390085.790   443.669234
     0.020000     0.005809   831.986602   -50.644079   382296.322   440.884071
     0.021000     0.005809   838.656405   -63.504003   364380.772   434.811909
     0.022000     0.005809   847.540665   -82.176736   340305.499   426.280542
     0.023000     0.005809   854.340651   -99.026396   320175.557   418.763541
     0.024000     0.005809   858.052107  -108.637940   309935.471   414.714511
     0.025000     0.005809   858.672690  -110.724185   307585.440   413.631994
     0.026000     0.005809   856.962871  -109.457039   311260.158   414.831768
     0.027000     0.005809   851.659190  -101.315399   324402.723   419.803919
     0.028000     0.005809   839.105249   -78.939562   357875.830   432.152584
     0.029000     0.005809   825.675405   -54.555282   397198.824   445.402925
     0.030000     0.005809   812.245561   -30.171002   436521.819   458.653266
     0.000000     0.006376   995.204709     0.000000   100944.360   293.000000
     0.001000     0.006376   982.922862   -26.010105   113285.160   303.654456
     0.002000     0.006376   952.433705   -79.099693   143516.121   328.392969
     0.003000     0.006376   913.335794  -139.244974   187055.831   358.464640
     0.004000     0.006376   890.323525  -169.651360   214599.142   374.505400
     0.005000     0.006376   882.433096  -181.071133   225176.035   380.215693
     0.006000     0.006376   880.410042  -184.837787   229021.706   382.015146
     0.007000     0.006376   880.001730  -186.338546   230218.761   382.423920
     0.008000     0.006376   880.487898  -187.045357   230510.668   382.272238
     0.009000     0.006376   881.325018  -187.318906   230627.272   381.836977
     0.010000     0.006376   882.373477  -187.468357   230635.859   381.139609
     0.011000     0.006376   883.476458  -187.666232   230615.615   380.314774
     0.012000     0.006376   884.290674  -187.596781   230771.590   379.504221
     0.013000     0.006376   884.603257  -186.913923   231557.375   379.265846
     0.014000     0.006376   883.997483  -183.829208   234407.519   379.978727
     0.015000     0.006376   880.337178  -172.640753   244664.220   384.698122
     0.016000     0.006376   868.917020  -142.143697   274541.119   398.389369
     0.017000     0.006376   852.272977   -98.518254   322620.672   418.327473
     0.018000     0.006376   838.287158   -64.864403   364915.202   433.725882
     0.019000     0.006376   832.972704   -51.183628   382491.024   439.569915
     0.020000     0.006376   833.473932   -51.103549   382621.040   439.547351
     0.021000     0.006376   835.202584   -53.793066   378482.098   438.090527
     0.022000     0.006376   839.214984   -61.353449   367783.913   434.536247
     0.023000     0.006376   845.706441   -75.579733   349091.994   428.183673
     0.024000     0.006376   852.384465   -92.346142   329168.503   421.043697
     0.025000     0.006376   856.829096  -102.611358   316445.586   416.283637
     0.026000     0.006376   856.414344  -108.852339   315337.725   415.791922
     0.027000     0.006376   854.601951  -108.938161   319106.914   417.097476
     0.028000     0.006376   849.922842  -103.428428   330242.311   421.262231
     0.029000     0.006376   840.542808   -86.946664   355815.295   430.742523
     0.030000     0.006376   831.162774   -70.464899   381388.278   440.222816
     0.000000     0.006990   995.204709     0.000000   100944.360   293.000000
     0.001000     0.006990   953.026798   -70.986446   138728.641   326.663858
     0.002000     0.006990   908.014101  -140.107165   188527.081   362.194265
     0.003000     0.006990   887.609304  -171.332619   215869.350   376.845952
     0.004000     0.006990   882.001073  -182.079675   225949.173   381.535823
     0.005000     0.006990   880.665422  -185.771016   229190.092   382.569990
     0.006000     0.006990   881.250502  -187.009752   230147.956   382.212415
     0.007000     0.006990   882.320881  -187.448319   230509.818   381.386351
     0.008000     0.006990   883.478682  -187.700955   230610.818   380.381793
     0.009000     0.006990   884.454234  -187.883011   230600.123   379.356425
     0.010000     0.006990   885.141186  -188.007525   230603.213   378.641511
     0.011000     0.006990   885.626197  -188.093601   230624.965   378.148020
     0.012000     0.006990   885.975665  -188.151305   230614.420   377.801400
     0.013000     0.006990   886.126679  -188.046342   230782.718   377.638387
     0.014000     0.006990   886.093284  -187.490620   231315.635   377.734892
     0.015000     0.006990   885.433425  -185.258970   233339.815   378.567135
     0.016000     0.006990   882.764619  -177.520618   240361.814   381.895281
     0.017000     0.006990   875.209769  -156.934909   259849.018   391.091433
     0.018000     0.006990   860.940687  -119.868721   298414.606   407.859273
     0.019000     0.006990   846.535577   -81.901037   342938.652   425.400919
     0.020000     0.006990   838.074472   -63.006222   367716.188   434.006251
     0.021000     0.006990   836.474768   -56.857634   375045.929   436.429597
     0.022000     0.006990   837.274667   -57.777888   373380.368   435.817828
     0.023000     0.006990   839.260436   -61.784045   368552.063   434.201207
     0.024000     0.006990   843.400381   -71.243203   357085.920   430.358004
     0.025000     0.006990   848.625567   -86.071435   341311.924   424.890684
     0.026000     0.006990   852.661210   -99.169306   328613.796   420.300565
     0.027000     0.006990   852.682990  -107.347881   325624.815   419.182366
     0.028000     0.006990   851.403708  -108.565678   328245.900   420.146977
     0.029000     0.006990   848.382531  -105.205753   335118.033   422.730959
     0.030000     0.006990   845.361353  -101.845827   341990.166   425.314941
     0.000000     0.007655   995.204709     0.000000   100944.360   293.000000
     0.001000     0.007655   904.420182  -144.800616   190855.176   366.390607
     0.002000     0.007655   886.820239  -177.108255   218659.396   379.351014
     0.003000     0.007655   883.405571  -185.753081   226653.211   381.356348
     0.004000     0.007655   883.268634  -187.913482   229056.716   380.686603
     0.005000     0.007655   884.313557  -188.388354   229823.768   379.442749
     0.006000     0.007655   885.062307  -188.441487   230175.523   378.600350
     0.007000     0.007655   885.624520  -188.404602   230351.352   378.048423
     0.008000     0.007655   886.003746  -188.341826   230476.864   377.706687
     0.009000     0.007655   886.266740  -188.319225   230533.683   377.478845
     0.010000     0.007655   886.430789  -188.310797   230567.842   377.333855
     0.011000     0.007655   886.537448  -188.300256   230603.228   377.247002
     0.012000     0.007655   886.609687  -188.305351   230614.754   377.188094
     0.013000     0.007655   886.639176  -188.279087   230664.870   377.168109
     0.014000     0.007655   886.630105  -188.179208   230776.820   377.196740
     0.015000     0.007655   886.507195  -187.795409   231139.329   377.345560
     0.016000     0.007655   886.012111  -186.372203   232424.034   377.946734
     0.017000     0.007655   884.387936  -181.762637   236572.718   379.925097
     0.018000     0.007655   880.076536  -169.783572   247594.501   385.211243
     0.019000     0.007655   869.463642  -142.071140   274927.715   397.836476
     0.020000     0.007655   855.883315  -106.735044   313263.739   413.902305
     0.021000     0.007655   845.803099   -79.097892   346596.454   426.403096
     0.022000     0.007655   840.408054   -66.069459   363055.715   432.081795
     0.023000     0.007655   839.591950   -64.047905   367520.225   433.534162
     0.024000     0.007655   839.999266   -66.269601   366792.570   433.276193
     0.025000     0.007655   840.926385   -71.810852   364268.531   432.468597
     0.026000     0.007655   843.684260   -82.061807   355788.571   429.691568
     0.027000     0.007655   847.951780   -94.660255   343910.725   425.668347
     0.028000     0.007655   849.301067  -104.327313   336226.381   423.020371
     0.029000     0.007655   848.437760  -105.233005   336529.806   423.211083
     0.030000     0.007655   847.574453  -106.138698   336833.230   423.401795
     0.000000     0.008375   886.483624  -188.310443   230784.043   377.151055
     0.001000     0.008375   886.857723  -189.390249   229814.791   376.676814
     0.002000     0.008375   886.869859  -189.669920   229587.649   376.574564
     0.003000     0.008375   886.845569  -189.643710   229598.731   376.585869
     0.004000     0.008375   886.834262  -189.572197   229635.765   376.609376
     0.005000     0.008375   886.836364  -189.473755   229689.685   376.638438
     0.006000     0.008375   886.844339  -189.355010   229763.730   376.674926
     0.007000     0.008375   886.845822  -189.222573   229860.368   376.720962
     0.008000     0.008375   886.834948  -189.067222   229986.251   376.779923
     0.009000     0.008375   886.818548  -188.903023   230125.030   376.844717
     0.010000     0.008375   886.801413  -188.735280   230269.260   376.911924
     0.011000     0.008375   886.788512  -188.612130   230381.396   376.964067
     0.012000     0.008375   886.779443  -188.522211   230471.235   377.005840
     0.013000     0.008375   886.761875  -188.475098   230527.746   377.032079
     0.014000     0.008375   886.733609  -188.418017   230594.328   377.063180
     0.015000     0.008375   886.683221  -188.302819   230709.328   377.117025
     0.016000     0.008375   886.574891  -188.018990   230971.891   377.240296
     0.017000     0.008375   886.271220  -187.175827   231735.180   377.600013
     0.018000     0.008375   885.406396  -184.735155   233940.574   378.646613
     0.019000     0.008375   882.926422  -177.888311   240213.592   381.662272
     0.020000     0.008375   876.996990  -161.987029   255345.866   388.861530
     0.021000     0.008375   866.365143  -134.252390   283846.651   401.589955
     0.022000     0.008375   854.834952  -103.830620   318574.141   415.768519
     0.023000     0.008375   846.789231   -83.709047   344668.202   425.426619
     0.024000     0.008375   842.461733   -74.994444   359743.799   430.869633
     0.025000     0.008375   839.586139   -75.239187   365646.989   433.118442
     0.026000     0.008375   837.555538   -77.329629   366933.875   433.813289
     0.027000     0.008375   836.885704   -81.559103   364233.580   433.186262
     0.028000     0.008375   837.399740   -88.063795   357346.244   431.184165
     0.029000     0.008375   838.213799   -94.806914   349474.029   428.722015
     0.030000     0.008375   839.027857  -101.550034   341601.814   426.259865
     0.000000     0.009155   886.483624  -188.310443   230784.043   377.151055
     0.001000     0.009155   886.557515  -188.446000   230644.864   377.085802
     0.002000     0.009155   886.663255  -188.640258   230445.496   376.992550
     0.003000     0.009155   886.783053  -188.860557   230219.593   376.886915
     0.004000     0.009155   886.880472  -189.039728   230036.004   376.800998
     0.005000     0.009155   886.936129  -189.142494   229930.880   376.751759
     0.006000     0.009155   886.974189  -189.212576   229859.164   376.718171
     0.007000     0.009155   886.974756  -189.214018   229857.789   376.717533
     0.008000     0.009155   886.967770  -189.201277   229870.837   376.723678
     0.009000     0.009155   886.951727  -189.171894   229900.900   376.737828
     0.010000     0.009155   886.925499  -189.123751   229950.143   376.760998
     0.011000     0.009155   886.886205  -189.051527   230024.038   376.795730
     0.012000     0.009155   886.837937  -188.962844   230114.854   376.838388
     0.013000     0.009155   886.790308  -188.875041   230204.663   376.880546
     0.014000     0.009155   886.743432  -188.788789   230293.048   376.922010
     0.015000     0.009155   886.710943  -188.728865   230354.330   376.950814
     0.016000     0.009155   886.667736  -188.649088   230435.880   376.989184
     0.017000     0.009155   886.584705  -188.495613   230592.683   377.063084
     0.018000     0.009155   886.377988  -188.114047   230982.717   377.247502
     0.019000     0.009155   885.800522  -187.054147   232068.741   377.765310
     0.020000     0.009155   884.241216  -184.225498   234985.170   379.181493
     0.021000     0.009155   880.545319  -177.653447   241873.558   382.602236
     0.022000     0.009155   872.206514  -163.217632   257650.659   390.432081
     0.023000     0.009155   859.750479  -142.255785   282355.884   402.062781
     0.024000     0.009155   846.337068  -120.163627   310945.850   414.605520
     0.025000     0.009155   835.464892  -102.848084   335465.098   424.366501
     0.026000     0.009155   829.170486   -93.063007   350269.941   429.854422
     0.027000     0.009155   825.720455   -87.673250   358690.497   432.827496
     0.028000     0.009155   825.823999   -87.788607   358480.178   432.751770
     0.029000     0.009155   826.527875   -88.805898   356820.055   432.183226
     0.030000     0.009155   827.231751   -89.823189   355159.932   431.614681
     0.000000     0.010000   886.483624  -188.310443   230784.043   377.151055
     0.001000     0.010000   886.557515  -188.446000   230644.864   377.085802
     0.002000     0.010000   886.663255  -188.640258   230445.496   376.992550
     0.003000     0.010000   886.783053  -188.860557   230219.593   376.886915
     0.004000     0.010000   886.880472  -189.039728   230036.004   376.800998
     0.005000     0.010000   886.936129  -189.142494   229930.880   376.751759
     0.006000     0.010000   886.974189  -189.212576   229859.164   376.718171
     0.007000     0.010000   886.974756  -189.214018   229857.789   376.717533
     0.008000     0.010000   886.967770  -189.201277   229870.837   376.723678
     0.009000     0.010000   886.951727  -189.171894   229900.900   376.737828
     0.010000     0.010000   886.925499  -189.123751   229950.143   376.760998
     0.011000     0.010000   886.886205  -189.051527   230024.038   376.795730
     0.012000     0.010000   886.837937  -188.962844   230114.854   376.838388
     0.013000     0.010000   886.790308  -188.875041   230204.663   376.880546
     0.014000     0.010000   886.743432  -188.788789   230293.048   376.922010
     0.015000     0.010000   886.710943  -188.728865   230354.330   376.950814
     0.016000     0.010000   886.667736  -188.649088   230435.880   376.989184
     0.017000     0.010000   886.584705  -188.495613   230592.683   377.063084
     0.018000     0.010000   886.377988  -188.114047   230982.717   377.247502
     0.019000     0.010000   885.800522  -187.054147   232068.741   377.765310
     0.020000     0.010000   884.241216  -184.225498   234985.170   379.181493
     0.021000     0.010000   880.545319  -177.653447   241873.558   382.602236
     0.022000     0.010000   872.206514  -163.217632   257650.659   390.432081
     0.023000     0.010000   859.750479  -142.255785   282355.884   402.062781
     0.024000     0.010000   846.337068  -120.163627   310945.850   414.605520
     0.025000     0.010000   835.464892  -102.848084   335465.098   424.366501
     0.026000     0.010000   829.170486   -93.063007   350269.941   429.854422
     0.027000     0.010000   825.720455   -87.673250   358690.497   432.827496
     0.028000     0.010000   825.823999   -87.788607   358480.178   432.751770
     0.029000     0.010000   826.527875   -88.805898   356820.055   432.183226
     0.030000     0.010000   827.231806   -89.823242   355159.835   431.614638
