     0.000000     0.000000   995.204709     0.000000   100944.360   293.000000
     1.000000     0.000000   995.498467     0.000000   100593.888   292.710575
     2.000000     0.000000   995.520534     0.000000   100564.402   292.687687
     3.000000     0.000000   995.511406     0.000000   100573.644   292.697042
     4.000000     0.000000   995.510965     0.000000   100573.096   292.698225
     5.000000     0.000000   995.511957     0.000000   100569.783   292.697078
     6.000000     0.000000   995.507429     0.000000   100574.103   292.702292
     7.000000     0.000000   995.482492     0.000000   100602.329   292.727458
     8.000000     0.000000   995.389608     0.000000   100711.245   292.819932
     9.000000     0.000000   995.051631     0.000000   101112.344   293.156411
    10.000000     0.000000   993.729531     0.000000   102699.888   294.464034
    11.000000     0.000000   987.886776     0.000000   109992.591   300.242710
    12.000000     0.000000   960.386860     0.000000   147345.922   325.929849
    13.000000     0.000000   903.115307     0.000000   241670.683   377.129487
    14.000000     0.000000   843.390315     0.000000   374327.215   430.937416
    15.000000     0.000000   819.517166     0.000000   435437.765   450.641849
    16.000000     0.000000   813.977300     0.000000   450776.362   455.162541
    17.000000     0.000000   813.211822     0.000000   452941.473   455.793563
    18.000000     0.000000   813.775882     0.000000   451354.810   455.341685
    19.000000     0.000000   814.853680     0.000000   448327.619   454.473650
    20.000000     0.000000   816.510296     0.000000   443692.707   453.132379
    21.000000     0.000000   818.617218     0.000000   437832.941   451.421183
    22.000000     0.000000   820.993857     0.000000   431271.688   449.483944
    23.000000     0.000000   823.451863     0.000000   424569.143   447.482835
    24.000000     0.000000   825.796766     0.000000   418191.758   445.558098
    25.000000     0.000000   827.973402     0.000000   412302.038   443.761615
    26.000000     0.000000   829.927894     0.000000   407079.081   442.153815
    27.000000     0.000000   831.679625     0.000000   402399.672   440.701255
    28.000000     0.000000   833.233521     0.000000   398266.808   439.409108
    29.000000     0.000000   834.684611     0.000000   394392.363   438.191721
    30.000000     0.000000   836.135690     0.000000   390517.930   436.974337
     0.000000     0.060792   995.204709     0.000000   100944.360   293.000000
     1.000000     0.060792   995.417129    -0.170650   100690.811   292.790385
     2.000000     0.060792   995.447413    -0.214604   100652.989   292.759821
     3.000000     0.060792   995.440805    -0.215708   100660.005   292.766527
     4.000000     0.060792   995.441316    -0.209816   100658.834   292.766412
     5.000000     0.060792   995.442846    -0.208687   100655.895   292.764812
     6.000000     0.060792   995.438063    -0.214574   100661.032   292.769929
     7.000000     0.060792   995.412010    -0.238511   100691.309   292.795971
     8.000000     0.060792   995.314572    -0.317609   100806.560   292.892683
     9.000000     0.060792   994.956859    -0.605806   101232.535   293.247463
    10.000000     0.060792   993.550404    -1.756796   102922.140   294.633768
    11.000000     0.060792   987.478457    -5.490757   110455.939   300.517344
    12.000000     0.060792   959.439246   -14.638049   148100.603   326.609213
    13.000000     0.060792   902.977612   -15.021496   241244.138   377.105889
    14.000000     0.060792   844.341641    -5.133437   372197.160   430.360266
    15.000000     0.060792   819.771018    -2.859963   435042.193   450.782374
    16.000000     0.060792   814.070658    -1.376771   450778.538   455.441150
    17.000000     0.060792   813.210936    -0.463416   453193.998   456.146697
    18.000000     0.060792   813.727967    -0.137242   451739.000   455.731892
    19.000000     0.060792   814.790134    -0.089767   448756.217   454.873460
    20.000000     0.060792   816.440662    -0.020204   444140.134   453.534438
    21.000000     0.060792   818.542632     0.024935   438297.036   451.824359
    22.000000     0.060792   820.918160     0.044505   431742.344   449.885509
    23.000000     0.060792   823.378606     0.034223   425035.395   447.879614
    24.000000     0.060792   825.729720     0.016407   418647.737   445.948156
    25.000000     0.060792   827.912439    -0.005993   412745.521   444.144987
    26.000000     0.060792   829.870180    -0.029396   407509.193   442.530099
    27.000000     0.060792   831.625445    -0.049767   402816.976   441.070877
    28.000000     0.060792   833.184854    -0.063007   398672.985   439.772416
    29.000000     0.060792   834.639666    -0.064083   394792.491   438.549099
    30.000000     0.060792   836.094477    -0.065159   390911.997   437.325782
     0.000000     0.127664   995.204709     0.000000   100944.360   293.000000
     1.000000     0.127664   995.327657    -0.339691   100797.426   292.878177
     2.000000     0.127664   995.366979    -0.429483   100750.435   292.839169
     3.000000     0.127664   995.363145    -0.447061   100755.003   292.842961
     4.000000     0.127664   995.364703    -0.439685   100753.146   292.841419
     5.000000     0.127664   995.366824    -0.438564   100750.618   292.839319
     6.000000     0.127664   995.361761    -0.447981   100756.654   292.844330
     7.000000     0.127664   995.334479    -0.483540   100789.187   292.871335
     8.000000     0.127664   995.232033    -0.600450   100911.406   292.972709
     9.000000     0.127664   994.852610    -1.029126   101364.744   293.347620
    10.000000     0.127664   993.353363    -2.742047   103166.616   294.820476
    11.000000     0.127664   987.029306    -8.965789   110965.622   300.819442
    12.000000     0.127664   958.396870   -29.349824   148930.752   327.356512
    13.000000     0.127664   902.826148   -35.851259   240774.939   377.079931
    14.000000     0.127664   845.388099   -17.077195   369854.099   429.725401
    15.000000     0.127664   820.050255    -6.007198   434607.064   450.936952
    16.000000     0.127664   814.173352    -2.043595   450780.931   455.747619
    17.000000     0.127664   813.209961    -0.789299   453471.776   456.535143
    18.000000     0.127664   813.675259    -0.331813   452161.609   456.161120
    19.000000     0.127664   814.720232    -0.174326   449227.675   455.313251
    20.000000     0.127664   816.364064    -0.000021   444632.302   453.976703
    21.000000     0.127664   818.460587     0.116991   438807.539   452.267853
    22.000000     0.127664   820.834893     0.179499   432260.065   450.327231
    23.000000     0.127664   823.298023     0.166870   425548.273   448.316071
    24.000000     0.127664   825.655970     0.131423   419149.313   446.377221
    25.000000     0.127664   827.845381     0.081083   413233.353   444.566697
    26.000000     0.127664   829.806695     0.025250   407982.317   442.944011
    27.000000     0.127664   831.565846    -0.026592   403276.011   441.477462
    28.000000     0.127664   833.131321    -0.064373   399119.780   440.172053
    29.000000     0.127664   834.590226    -0.071167   395232.632   438.942215
    30.000000     0.127664   836.049131    -0.077961   391345.484   437.712376
     0.000000     0.201223   995.204709     0.000000   100944.360   293.000000
     1.000000     0.201223   995.311742    -0.294735   100816.481   292.893955
     2.000000     0.201223   995.361976    -0.415458   100756.466   292.844144
     3.000000     0.201223   995.362164    -0.447504   100756.233   292.843950
     4.000000     0.201223   995.365665    -0.437073   100752.059   292.840484
     5.000000     0.201223   995.366912    -0.437833   100750.570   292.839247
     6.000000     0.201223   995.360823    -0.451632   100757.825   292.845272
     7.000000     0.201223   995.330996    -0.501784   100793.378   292.874789
     8.000000     0.201223   995.220604    -0.667185   100925.010   292.983987
     9.000000     0.201223   994.810089    -1.275416   101415.056   293.389228
    10.000000     0.201223   993.176208    -3.719663   103374.361   294.988739
    11.000000     0.201223   986.133229   -13.597289   111996.853   301.569347
    12.000000     0.201223   956.423704   -44.617442   150567.156   328.662683
    13.000000     0.201223   902.944592   -55.252379   238446.516   376.473083
    14.000000     0.201223   847.635350   -28.065751   363427.262   427.901525
    15.000000     0.201223   820.497302    -9.182117   432454.060   450.913847
    16.000000     0.201223   814.079393    -2.721193   450095.866   456.205143
    17.000000     0.201223   812.945257    -0.887895   453247.396   457.132683
    18.000000     0.201223   813.379726    -0.145501   452025.508   456.784008
    19.000000     0.201223   814.431687     0.159850   449078.131   455.930296
    20.000000     0.201223   816.093562     0.487927   444445.253   454.578101
    21.000000     0.201223   818.197785     0.701868   438617.402   452.861229
    22.000000     0.201223   820.576823     0.819556   432078.097   450.914432
    23.000000     0.201223   823.039449     0.794737   425389.919   448.901466
    24.000000     0.201223   825.396781     0.727202   419011.608   446.960333
    25.000000     0.201223   827.586495     0.632047   413112.850   445.147275
    26.000000     0.201223   829.546873     0.526594   407875.508   443.522306
    27.000000     0.201223   831.305054     0.428274   403178.278   442.052936
    28.000000     0.201223   832.875281     0.356358   399023.721   440.743789
    29.000000     0.201223   834.340633     0.342879   395133.660   439.508954
    30.000000     0.201223   835.805984     0.329401   391243.600   438.274118
     0.000000     0.282138   995.204709     0.000000   100944.360   293.000000
     1.000000     0.282138   995.295201    -0.248155   100836.286   292.910358
     2.000000     0.282138   995.354413    -0.397659   100765.537   292.851646
     3.000000     0.282138   995.360434    -0.445183   100758.341   292.845671
     4.000000     0.282138   995.366542    -0.435098   100751.055   292.839621
     5.000000     0.282138   995.366813    -0.437384   100750.728   292.839349
     6.000000     0.282138   995.358679    -0.458355   100760.419   292.847396
     7.000000     0.282138   995.323721    -0.530411   100802.081   292.881983
     8.000000     0.282138   995.196508    -0.769260   100953.733   293.007752
     9.000000     0.282138   994.720084    -1.653846   101522.181   293.477317
    10.000000     0.282138   992.815515    -5.197412   103802.182   295.331556
    11.000000     0.282138   984.840018   -18.957841   113457.232   302.630966
    12.000000     0.282138   953.244766   -61.024610   153429.048   330.848570
    13.000000     0.282138   902.670191   -76.182621   236286.030   375.966582
    14.000000     0.282138   851.183475   -40.650394   353962.684   424.825816
    15.000000     0.282138   821.515648   -13.036199   428874.371   450.364184
    16.000000     0.282138   814.141839    -3.610353   448934.407   456.428319
    17.000000     0.282138   812.704121    -1.029562   452892.133   457.593618
    18.000000     0.282138   813.064708    -0.044040   451881.982   457.302580
    19.000000     0.282138   814.089667     0.426706   449020.736   456.471550
    20.000000     0.282138   815.749605     0.886709   444409.223   455.122854
    21.000000     0.282138   817.849813     1.181309   438612.376   453.412320
    22.000000     0.282138   820.226350     1.348958   432101.970   451.471411
    23.000000     0.282138   822.689275     1.317217   425436.159   449.462508
    24.000000     0.282138   825.049093     1.225641   419068.239   447.521962
    25.000000     0.282138   827.245582     1.094413   413171.448   445.706991
    26.000000     0.282138   829.214216     0.948013   407930.479   444.078313
    27.000000     0.282138   830.980510     0.810590   403225.546   442.603904
    28.000000     0.282138   832.561132     0.708863   399058.941   441.288262
    29.000000     0.282138   834.034500     0.688736   395161.372   440.048397
    30.000000     0.282138   835.507868     0.668610   391263.802   438.808533
     0.000000     0.371144   995.204709     0.000000   100944.360   293.000000
     1.000000     0.371144   995.278043    -0.200343   100856.809   292.927376
     2.000000     0.371144   995.344570    -0.372526   100777.319   292.861410
     3.000000     0.371144   995.357763    -0.439011   100761.532   292.848304
     4.000000     0.371144   995.367182    -0.432296   100750.310   292.838985
     5.000000     0.371144   995.366372    -0.437564   100751.277   292.839788
     6.000000     0.371144   995.355684    -0.466840   100764.013   292.850364
     7.000000     0.371144   995.314441    -0.562510   100813.156   292.891159
     8.000000     0.371144   995.165588    -0.883859   100990.541   293.038235
     9.000000     0.371144   994.603550    -2.083849   101660.473   293.591114
    10.000000     0.371144   992.338954    -6.886190   104362.245   295.780092
    11.000000     0.371144   982.809323   -25.560912   115733.344   304.293657
    12.000000     0.371144   948.900601   -78.293742   157524.592   333.949311
    13.000000     0.371144   902.369632   -96.771159   233095.716   375.172720
    14.000000     0.371144   855.494706   -55.332975   340970.869   420.429314
    15.000000     0.371144   822.662289   -17.961126   423243.522   449.026424
    16.000000     0.371144   813.862096    -4.823857   447160.013   456.322894
    17.000000     0.371144   811.967818    -1.232477   452350.362   457.848151
    18.000000     0.371144   812.223510     0.064812   451636.691   457.641763
    19.000000     0.371144   813.227317     0.760225   448853.766   456.832392
    20.000000     0.371144   814.892337     1.374276   444265.339   455.489182
    21.000000     0.371144   816.996182     1.756063   438508.736   453.789235
    22.000000     0.371144   819.378514     1.979278   432040.223   451.859633
    23.000000     0.371144   821.848213     1.936839   425415.565   449.862054
    24.000000     0.371144   824.218658     1.815010   419072.717   447.928231
    25.000000     0.371144   826.430694     1.640573   413187.725   446.116075
    26.000000     0.371144   828.416149     1.446132   407948.954   444.487255
    27.000000     0.371144   830.199796     1.263743   403238.258   443.010200
    28.000000     0.371144   831.798836     1.128498   399056.470   441.688774
    29.000000     0.371144   833.287754     1.101604   395147.332   440.444247
    30.000000     0.371144   834.776672     1.074709   391238.194   439.199720
     0.000000     0.469051   995.204709     0.000000   100944.360   293.000000
     1.000000     0.469051   995.261589    -0.154663   100876.412   292.943634
     2.000000     0.469051   995.330655    -0.337776   100793.926   292.875189
     3.000000     0.469051   995.353632    -0.427763   100766.466   292.852395
     4.000000     0.469051   995.367386    -0.427752   100750.053   292.838766
     5.000000     0.469051   995.365234    -0.438757   100752.614   292.840893
     6.000000     0.469051   995.350899    -0.479769   100769.690   292.855071
     7.000000     0.469051   995.299633    -0.608510   100830.767   292.905766
     8.000000     0.469051   995.115314    -1.048600   101050.349   293.087740
     9.000000     0.469051   994.413075    -2.703024   101886.651   293.776637
    10.000000     0.469051   991.571995    -9.288116   105264.862   296.495730
    11.000000     0.469051   979.855808   -33.762419   119006.161   306.697434
    12.000000     0.469051   943.305722   -96.422466   162898.875   338.016496
    13.000000     0.469051   901.544744  -116.955567   229722.864   374.206274
    14.000000     0.469051   860.202020   -72.643623   324605.763   414.487454
    15.000000     0.469051   824.968514   -24.555538   414610.567   446.485343
    16.000000     0.469051   814.036938    -6.424169   444323.520   455.729088
    17.000000     0.469051   811.462485    -1.532901   451538.156   457.864045
    18.000000     0.469051   811.542025     0.110792   451316.593   457.799898
    19.000000     0.469051   812.492601     1.088686   448673.107   457.030091
    20.000000     0.469051   814.127522     1.858043   444147.237   455.704016
    21.000000     0.469051   816.197818     2.326379   438453.690   454.021529
    22.000000     0.469051   818.546927     2.610099   432042.843   452.108114
    23.000000     0.469051   820.985308     2.560466   425468.959   450.124987
    24.000000     0.469051   823.334745     2.411960   419152.221   448.198440
    25.000000     0.469051   825.536159     2.196301   413275.768   446.388309
    26.000000     0.469051   827.516041     1.954573   408033.021   444.757713
    27.000000     0.469051   829.299037     1.727206   403308.795   443.275830
    28.000000     0.469051   830.901983     1.557093   399103.097   441.946196
    29.000000     0.469051   832.392706     1.522072   395178.016   440.695911
    30.000000     0.469051   833.883430     1.487051   391252.934   439.445626
     0.000000     0.576749   995.204709     0.000000   100944.360   293.000000
     1.000000     0.576749   995.247085    -0.115508   100893.741   292.958009
     2.000000     0.576749   995.312767    -0.290751   100815.297   292.892925
     3.000000     0.576749   995.347397    -0.408420   100773.925   292.858586
     4.000000     0.576749   995.366502    -0.420799   100751.117   292.839648
     5.000000     0.576749   995.362883    -0.442215   100755.424   292.843225
     6.000000     0.576749   995.344137    -0.497844   100777.753   292.861765
     7.000000     0.576749   995.278859    -0.668227   100855.513   292.926296
     8.000000     0.576749   995.042993    -1.263571   101136.390   293.158931
     9.000000     0.576749   994.137236    -3.519193   102213.598   294.044294
    10.000000     0.576749   990.458522   -12.415700   106565.766   297.519965
    11.000000     0.576749   975.601795   -43.976452   123657.513   310.137081
    12.000000     0.576749   936.218964  -114.647515   169771.095   342.740041
    13.000000     0.576749   900.520393  -135.392269   226315.142   373.141350
    14.000000     0.576749   865.509459   -92.551986   305688.882   407.272008
    15.000000     0.576749   830.608577   -33.394970   400961.339   442.347395
    16.000000     0.576749   816.072595    -8.862250   440193.251   454.917615
    17.000000     0.576749   812.408920    -2.026769   450338.163   457.954696
    18.000000     0.576749   812.224859     0.100461   450844.560   458.101786
    19.000000     0.576749   813.112542     1.505527   448358.882   457.373589
    20.000000     0.576749   814.708190     2.439200   443905.952   456.060952
    21.000000     0.576749   816.733001     3.003649   438288.544   454.390835
    22.000000     0.576749   819.033417     3.355574   431953.496   452.488887
    23.000000     0.576749   821.422200     3.296956   425453.395   450.516933
    24.000000     0.576749   823.734226     3.115909   419182.101   448.594172
    25.000000     0.576749   825.909320     2.851629   413326.587   446.781557
    26.000000     0.576749   827.871197     2.554829   408086.401   445.144213
    27.000000     0.576749   829.643979     2.275878   403349.901   443.651764
    28.000000     0.576749   831.245139     2.065843   399115.378   442.307331
    29.000000     0.576749   832.731979     2.021687   395168.762   441.044903
    30.000000     0.576749   834.218820     1.977530   391222.147   439.782476
     0.000000     0.695216   995.204709     0.000000   100944.360   293.000000
     1.000000     0.695216   995.235409    -0.083751   100907.692   292.969582
     2.000000     0.695216   995.291527    -0.235690   100840.673   292.913982
     3.000000     0.695216   995.337926    -0.379630   100785.251   292.867986
     4.000000     0.695216   995.363754    -0.410040   100754.402   292.842373
     5.000000     0.695216   995.359043    -0.446844   100760.006   292.847027
     6.000000     0.695216   995.334389    -0.523553   100789.371   292.871407
     7.000000     0.695216   995.247817    -0.755479   100892.484   292.956955
     8.000000     0.695216   994.931445    -1.579209   101269.069   293.268571
     9.000000     0.695216   993.709078    -4.713807   102720.632   294.457450
    10.000000     0.695216   988.755629   -16.880043   108545.722   299.052393
    11.000000     0.695216   969.637750   -56.730670   130171.919   314.948512
    12.000000     0.695216   927.461682  -132.948507   177639.061   347.789742
    13.000000     0.695216   899.697944  -151.767629   222961.148   371.968841
    14.000000     0.695216   872.990357  -113.984567   285812.676   399.468850
    15.000000     0.695216   838.077047   -46.275610   381232.423   436.079648
    16.000000     0.695216   818.100251   -12.540679   433922.619   453.522704
    17.000000     0.695216   812.746547    -2.833709   448485.167   457.909287
    18.000000     0.695216   812.143893     0.022284   450152.171   458.397179
    19.000000     0.695216   812.949771     1.873105   447922.801   457.743048
    20.000000     0.695216   814.499004     3.019973   443655.419   456.483942
    21.000000     0.695216   816.509010     3.685402   438153.412   454.846925
    22.000000     0.695216   818.803705     4.110054   431917.730   452.973233
    23.000000     0.695216   821.188953     4.045210   425510.326   451.027574
    24.000000     0.695216   823.511205     3.836231   419291.529   449.118698
    25.000000     0.695216   825.703063     3.526820   413456.140   447.309492
    26.000000     0.695216   827.687010     3.176660   408212.626   445.668436
    27.000000     0.695216   829.485951     2.847007   403454.432   444.166136
    28.000000     0.695216   831.117081     2.596106   399178.829   442.805933
    29.000000     0.695216   832.626646     2.541371   395203.594   441.531332
    30.000000     0.695216   834.136211     2.486636   391228.358   440.256731
     0.000000     0.825530   995.204709     0.000000   100944.360   293.000000
     1.000000     0.825530   995.226246    -0.058892   100918.637   292.978663
     2.000000     0.825530   995.270412    -0.180119   100865.882   292.934898
     3.000000     0.825530   995.323480    -0.336384   100802.516   292.882317
     4.000000     0.825530   995.358099    -0.393008   100761.152   292.847978
     5.000000     0.825530   995.352311    -0.453365   100768.032   292.853691
     6.000000     0.825530   995.319876    -0.560878   100806.661   292.885758
     7.000000     0.825530   995.201585    -0.883202   100947.526   293.002586
     8.000000     0.825530   994.762740    -2.045370   101469.556   293.433994
     9.000000     0.825530   993.059040    -6.471671   103487.984   295.079372
    10.000000     0.825530   986.205098   -23.191826   111470.434   301.244012
    11.000000     0.825530   961.681540   -72.495914   138926.279   321.294127
    12.000000     0.825530   919.629811  -146.666143   187327.842   353.552006
    13.000000     0.825530   899.045422  -165.408822   220223.170   370.927469
    14.000000     0.825530   879.372939  -135.459379   266467.457   391.648421
    15.000000     0.825530   846.792110   -65.165110   355005.895   426.874558
    16.000000     0.825530   820.286007   -18.326321   424523.249   450.833950
    17.000000     0.825530   812.565681    -4.219959   445617.480   457.303275
    18.000000     0.825530   811.305310    -0.165380   449112.218   458.333401
    19.000000     0.825530   811.988235     2.237358   447248.484   457.786695
    20.000000     0.825530   813.454120     3.679008   443257.803   456.610415
    21.000000     0.825530   815.434973     4.473052   437896.272   455.017710
    22.000000     0.825530   817.709022     4.975354   431787.146   453.185475
    23.000000     0.825530   820.075878     4.904661   425501.015   451.280545
    24.000000     0.825530   822.397980     4.665686   419357.714   449.399105
    25.000000     0.825530   824.600799     4.306516   413557.646   447.605103
    26.000000     0.825530   826.607530     3.896907   408318.190   445.969040
    27.000000     0.825530   828.438195     3.511709   403537.924   444.463154
    28.000000     0.825530   830.106910     3.214993   399213.658   443.090246
    29.000000     0.825530   831.649347     3.147958   395201.926   441.806503
    30.000000     0.825530   833.191783     3.080923   391190.194   440.522760
     0.000000     0.968876   995.204709     0.000000   100944.360   293.000000
     1.000000     0.968876   995.219282    -0.040089   100926.955   292.985563
     2.000000     0.968876   995.251424    -0.128976   100888.565   292.953718
     3.000000     0.968876   995.303404    -0.278362   100826.511   292.902232
     4.000000     0.968876   995.346987    -0.370509   100774.414   292.858990
     5.000000     0.968876   995.341035    -0.461482   100781.480   292.864856
     6.000000     0.968876   995.298005    -0.614584   100832.716   292.907381
     7.000000     0.968876   995.129712    -1.079221   101033.067   293.073453
     8.000000     0.968876   994.496050    -2.769653   101786.106   293.694532
     9.000000     0.968876   992.032646    -9.169945   104694.296   296.048563
    10.000000     0.968876   982.292657   -32.271884   115880.314   304.570958
    11.000000     0.968876   951.854964   -91.433795   150439.706   329.432936
    12.000000     0.968876   912.148808  -157.364723   196801.057   358.913837
    13.000000     0.968876   897.461785  -175.163410   219072.821   370.550899
    14.000000     0.968876   884.419914  -155.407189   249354.449   384.493429
    15.000000     0.968876   856.568140   -90.730691   322674.972   414.816702
    16.000000     0.968876   826.415474   -27.893842   409422.487   446.172744
    17.000000     0.968876   814.762893    -6.599815   440927.855   456.186276
    18.000000     0.968876   812.363257    -0.558910   447513.577   458.154109
    19.000000     0.968876   812.772927     2.515102   446353.417   457.811018
    20.000000     0.968876   814.050286     4.321587   442786.698   456.754850
    21.000000     0.968876   815.907071     5.276425   437644.132   455.221785
    22.000000     0.968876   818.068896     5.854020   431708.307   453.436284
    23.000000     0.968876   820.330920     5.780676   425571.418   451.571994
    24.000000     0.968876   822.576290     5.517675   419516.641   449.714048
    25.000000     0.968876   824.724963     5.114323   413754.943   447.929146
    26.000000     0.968876   826.698802     4.649023   408514.112   446.290767
    27.000000     0.968876   828.514822     4.211505   403699.451   444.772409
    28.000000     0.968876   830.183340     3.868785   399309.798   443.377505
    29.000000     0.968876   831.721346     3.787521   395250.965   442.077485
    30.000000     0.968876   833.259352     3.706256   391192.132   440.777466
     0.000000     1.126556   995.204709     0.000000   100944.360   293.000000
     1.000000     1.126556   995.214165    -0.026413   100933.066   292.990633
     2.000000     1.126556   995.236322    -0.088753   100906.603   292.968683
     3.000000     1.126556   995.279919    -0.212938   100854.527   292.925479
     4.000000     1.126556   995.329053    -0.339885   100795.821   292.876759
     5.000000     1.126556   995.323463    -0.468827   100802.439   292.882252
     6.000000     1.126556   995.263390    -0.694675   100873.951   292.941587
     7.000000     1.126556   995.013706    -1.391507   101171.048   293.187649
     8.000000     1.126556   994.064642    -3.924972   102297.058   294.113548
     9.000000     1.126556   990.384092   -13.372544   106616.571   297.573205
    10.000000     1.126556   976.321345   -45.091688   122464.525   309.494338
    11.000000     1.126556   941.590134  -112.822305   165244.489   339.501428
    12.000000     1.126556   905.449016  -165.236795   205139.900   363.521189
    13.000000     1.126556   895.962944  -181.766663   218971.771   370.613737
    14.000000     1.126556   887.933479  -170.910159   236859.781   379.048486
    15.000000     1.126556   869.119276  -119.904134   289818.519   401.870800
    16.000000     1.126556   835.707588   -44.478206   383953.226   438.310772
    17.000000     1.126556   817.095988   -10.908774   433015.203   454.566147
    18.000000     1.126556   812.688485    -1.357660   444956.249   458.178445
    19.000000     1.126556   812.663108     2.622384   445041.148   458.194890
    20.000000     1.126556   813.746745     5.056374   442092.600   457.305517
    21.000000     1.126556   815.543296     6.206497   437230.558   455.834689
    22.000000     1.126556   817.674074     6.858214   431507.501   454.088809
    23.000000     1.126556   819.909970     6.786665   425552.303   452.254936
    24.000000     1.126556   822.159569     6.499948   419617.468   450.409934
    25.000000     1.126556   824.322730     6.050305   413915.808   448.621366
    26.000000     1.126556   826.323803     5.525090   408685.623   446.966868
    27.000000     1.126556   828.177393     5.031878   403836.897   445.420217
    28.000000     1.126556   829.895864     4.637140   399373.563   443.986188
    29.000000     1.126556   831.472623     4.538385   395257.865   442.653169
    30.000000     1.126556   833.049382     4.439629   391142.168   441.320149
     0.000000     1.300004   995.204709     0.000000   100944.360   293.000000
     1.000000     1.300004   995.210531    -0.016897   100937.407   292.994234
     2.000000     1.300004   995.224834    -0.058971   100920.323   292.980064
     3.000000     1.300004   995.255780    -0.155753   100883.359   292.949401
     4.000000     1.300004   995.303104    -0.299114   100826.802   292.902476
     5.000000     1.300004   995.295818    -0.475355   100835.419   292.909626
     6.000000     1.300004   995.205204    -0.822120   100943.253   292.999059
     7.000000     1.300004   994.818518    -1.909221   101402.972   293.379304
     8.000000     1.300004   993.342477    -5.830512   103149.232   294.808548
     9.000000     1.300004   987.665756   -20.026823   109743.727   299.997162
    10.000000     1.300004   967.491711   -62.696486   132170.326   316.659694
    11.000000     1.300004   926.752595  -133.225803   180686.217   349.486259
    12.000000     1.300004   900.677345  -170.494511   212097.377   367.174519
    13.000000     1.300004   894.610375  -184.860991   220408.766   371.366163
    14.000000     1.300004   889.889567  -180.342564   229850.883   375.926784
    15.000000     1.300004   879.224279  -148.930407   260508.636   389.709757
    16.000000     1.300004   848.529254   -71.730894   346324.642   424.795142
    17.000000     1.300004   820.674005   -18.766567   419488.237   450.605845
    18.000000     1.300004   812.868005    -3.030108   440562.968   457.163944
    19.000000     1.300004   811.895506     2.408789   443282.901   457.970392
    20.000000     1.300004   812.740878     5.643593   441021.816   457.295677
    21.000000     1.300004   814.345260     7.102211   436741.405   456.011703
    22.000000     1.300004   816.374535     7.850419   431363.293   454.385262
    23.000000     1.300004   818.556580     7.790231   425622.869   452.632639
    24.000000     1.300004   820.779292     7.491165   419832.865   450.847514
    25.000000     1.300004   822.946210     7.006077   414195.113   449.091952
    26.000000     1.300004   824.973216     6.431761   408969.726   447.450119
    27.000000     1.300004   826.873123     5.893050   404070.974   445.896699
    28.000000     1.300004   828.653986     5.449461   399512.548   444.440054
    29.000000     1.300004   830.284198     5.331936   395324.607   443.090149
    30.000000     1.300004   831.914411     5.214411   391136.667   441.740243
     0.000000     1.490797   995.204709     0.000000   100944.360   293.000000
     1.000000     1.490797   995.208011    -0.010697   100940.416   292.996729
     2.000000     1.490797   995.216413    -0.038671   100930.382   292.988407
     3.000000     1.490797   995.235718    -0.109730   100907.321   292.969279
     4.000000     1.490797   995.270045    -0.258480   100866.275   292.935230
     5.000000     1.490797   995.252137    -0.494444   100887.535   292.952866
     6.000000     1.490797   995.103203    -1.041326   101064.709   293.099705
     7.000000     1.490797   994.477618    -2.798993   101807.308   293.712603
     8.000000     1.490797   992.094410    -9.055133   104612.259   295.991384
     9.000000     1.490797   983.109554   -30.528038   114874.431   303.944189
    10.000000     1.490797   955.319103   -85.513658   145945.012   326.543416
    11.000000     1.490797   915.400645  -149.846954   194439.374   357.576892
    12.000000     1.490797   897.218661  -174.198884   218052.489   370.145494
    13.000000     1.490797   893.350988  -185.977471   222411.483   372.378825
    14.000000     1.490797   890.609320  -184.974627   226812.083   374.599504
    15.000000     1.490797   885.410066  -169.644727   241258.235   381.353652
    16.000000     1.490797   863.199584  -107.454119   302771.098   407.876176
    17.000000     1.490797   830.756920   -34.732440   394407.808   442.713410
    18.000000     1.490797   816.230605    -6.859026   432725.027   455.301617
    19.000000     1.490797   813.378788     1.873445   440304.769   457.591013
    20.000000     1.490797   813.667486     6.051817   439458.030   457.327132
    21.000000     1.490797   814.864608     8.095631   436140.115   456.316514
    22.000000     1.490797   816.705690     8.984069   431108.401   454.780075
    23.000000     1.490797   818.744347     8.935943   425595.567   453.083520
    24.000000     1.490797   820.842095     8.630003   419985.830   451.342756
    25.000000     1.490797   822.925147     8.107203   414446.550   449.609501
    26.000000     1.490797   824.903017     7.483541   409239.151   447.967328
    27.000000     1.490797   826.784586     6.900318   404291.810   446.393759
    28.000000     1.490797   828.573237     6.401384   399630.906   444.900659
    29.000000     1.490797   830.207715     6.259568   395359.231   443.520715
    30.000000     1.490797   831.842192     6.117753   391087.555   442.140771
     0.000000     1.700669   995.204709     0.000000   100944.360   293.000000
     1.000000     1.700669   995.206245    -0.007092   100942.526   292.998479
     2.000000     1.700669   995.210165    -0.026442   100937.843   292.994595
     3.000000     1.700669   995.218678    -0.082161   100927.672   292.986159
     4.000000     1.700669   995.230707    -0.233530   100913.247   292.974195
     5.000000     1.700669   995.184341    -0.555761   100968.412   293.019938
     6.000000     1.700669   994.920650    -1.444296   101281.922   293.279488
     7.000000     1.700669   993.860668    -4.385324   102536.596   294.311361
     8.000000     1.700669   989.867158   -14.619680   107192.083   298.045679
     9.000000     1.700669   975.473999   -46.676864   123248.151   310.279679
    10.000000     1.700669   941.240173  -112.824691   164550.054   339.209412
    11.000000     1.700669   906.584401  -163.393212   204797.967   363.354135
    12.000000     1.700669   894.718298  -176.979939   222578.733   372.453501
    13.000000     1.700669   892.028332  -185.760654   224595.745   373.547176
    14.000000     1.700669   890.621459  -186.515228   226198.144   374.429178
    15.000000     1.700669   888.241857  -180.404503   231631.153   377.126788
    16.000000     1.700669   876.953607  -144.526936   263481.735   391.656027
    17.000000     1.700669   844.461986   -64.297116   351629.352   428.042519
    18.000000     1.700669   819.193041   -14.855948   417668.088   451.444199
    19.000000     1.700669   812.485860     0.248691   435219.413   456.926694
    20.000000     1.700669   811.831902     5.970573   437317.800   457.538256
    21.000000     1.700669   812.760843     8.814359   434980.567   456.803612
    22.000000     1.700669   814.453161    10.111447   430710.347   455.472608
    23.000000     1.700669   816.483806    10.084320   425607.545   453.875736
    24.000000     1.700669   818.636563     9.785626   420221.790   452.178041
    25.000000     1.700669   820.817455     9.240830   414803.538   450.458185
    26.000000     1.700669   822.913235     8.587279   409603.485   448.796991
    27.000000     1.700669   824.920577     7.976758   404596.721   447.185374
    28.000000     1.700669   826.849908     7.429040   399814.725   445.636198
    29.000000     1.700669   828.603458     7.262314   395441.482   444.207894
    30.000000     1.700669   830.357009     7.095588   391068.240   442.779590
     0.000000     1.931528   995.204709     0.000000   100944.360   293.000000
     1.000000     1.931528   995.204885    -0.005680   100944.149   292.999825
     2.000000     1.931528   995.205184    -0.021966   100943.792   292.999529
     3.000000     1.931528   995.203146    -0.074376   100946.221   293.001543
     4.000000     1.931528   995.184766    -0.239988   100968.121   293.019703
     5.000000     1.931528   995.073007    -0.721407   101101.187   293.129975
     6.000000     1.931528   994.582474    -2.229669   101683.649   293.611313
     7.000000     1.931528   992.703751    -7.313990   103895.197   295.419582
     8.000000     1.931528   985.791003   -24.256467   111817.303   301.688889
     9.000000     1.931528   963.302264   -70.077545   136505.644   320.052774
    10.000000     1.931528   923.763458  -137.703037   184027.756   351.665889
    11.000000     1.931528   900.916666  -172.603084   211985.217   367.241288
    12.000000     1.931528   893.130198  -180.290400   224763.907   373.610241
    13.000000     1.931528   890.638564  -184.984968   226580.619   374.595059
    14.000000     1.931528   889.893297  -186.433363   226652.985   374.783583
    15.000000     1.931528   888.975009  -184.310221   227995.990   375.627923
    16.000000     1.931528   884.400188  -168.651833   240228.373   381.542621
    17.000000     1.931528   861.920915  -105.619069   300287.704   408.108790
    18.000000     1.931528   830.224151   -33.286186   388320.587   442.167680
    19.000000     1.931528   815.912232    -4.195834   425467.117   454.584902
    20.000000     1.931528   812.724900     5.223759   433790.353   457.123530
    21.000000     1.931528   812.942418     9.262755   433190.455   456.924881
    22.000000     1.931528   814.027698    11.235224   430313.602   456.026438
    23.000000     1.931528   815.818322    11.331453   425607.008   454.560807
    24.000000     1.931528   817.803978    11.054999   420437.013   452.939614
    25.000000     1.931528   819.843426    10.499516   415177.452   451.275827
    26.000000     1.931528   821.870766     9.824950   409990.414   449.623041
    27.000000     1.931528   823.851604     9.197859   404925.965   447.994272
    28.000000     1.931528   825.789095     8.601199   400016.791   446.404742
    29.000000     1.931528   827.555816     8.405383   395527.252   444.937168
    30.000000     1.931528   829.322537     8.209567   391037.713   443.469594
     0.000000     2.185473   995.204709     0.000000   100944.360   293.000000
     1.000000     2.185473   995.203491    -0.006458   100945.814   293.001206
     2.000000     2.185473   995.199699    -0.025682   100950.342   293.004961
     3.000000     2.185473   995.184512    -0.093093   100968.472   293.019995
     4.000000     2.185473   995.123043    -0.328583   101041.793   293.080775
     5.000000     2.185473   994.876181    -1.125730   101335.667   293.324075
     6.000000     2.185473   993.931968    -3.813228   102453.456   294.244989
     7.000000     2.185473   990.459240   -12.849399   106496.344   297.520293
     8.000000     2.185473   978.294710   -40.525554   120087.314   308.056938
     9.000000     2.185473   946.001671  -100.780166   156146.008   333.839647
    10.000000     2.185473   911.153448  -156.232561   200356.407   361.009769
    11.000000     2.185473   897.028554  -178.788263   217518.791   370.065956
    12.000000     2.185473   891.958572  -183.139267   225775.195   374.192619
    13.000000     2.185473   889.509639  -184.666920   227713.500   375.294132
    14.000000     2.185473   889.202139  -185.785134   227298.761   375.340510
    15.000000     2.185473   888.544352  -184.980928   226960.554   375.503076
    16.000000     2.185473   886.953913  -179.006112   230258.137   377.478845
    17.000000     2.185473   877.342048  -147.268450   256011.302   389.806794
    18.000000     2.185473   847.373847   -69.706935   336456.128   424.244204
    19.000000     2.185473   820.374705   -14.854437   405779.918   449.892356
    20.000000     2.185473   812.055226     2.872127   426907.925   456.621735
    21.000000     2.185473   810.842577     8.989119   430604.221   457.698631
    22.000000     2.185473   811.524492    11.870988   429067.986   457.148587
    23.000000     2.185473   813.092331    12.690498   425338.972   455.914898
    24.000000     2.185473   815.055624    12.395622   420641.364   454.374113
    25.000000     2.185473   817.161593    11.836773   415588.668   452.717481
    26.000000     2.185473   819.312880    11.169326   410417.319   451.020793
    27.000000     2.185473   821.437763    10.543325   405293.746   449.331450
    28.000000     2.185473   823.526508     9.906510   400254.025   447.662591
    29.000000     2.185473   825.423046     9.680524   395633.352   446.120994
    30.000000     2.185473   827.319584     9.454537   391012.679   444.579397
     0.000000     2.464813   995.204709     0.000000   100944.360   293.000000
     1.000000     2.464813   995.201441    -0.010493   100948.262   293.003236
     2.000000     2.464813   995.191528    -0.042027   100960.099   293.013052
     3.000000     2.464813   995.154340    -0.156792   101004.491   293.049858
     4.000000     2.464813   995.014259    -0.572837   101171.527   293.188261
     5.000000     2.464813   994.496075    -2.042617   101787.265   293.697250
     6.000000     2.464813   992.618424    -7.084122   103994.074   295.506297
     7.000000     2.464813   985.975943   -23.340627   111565.821   301.555672
     8.000000     2.464813   965.178515   -66.114883   134362.978   318.729655
     9.000000     2.464813   927.026930  -133.198486   179330.582   348.976164
    10.000000     2.464813   902.424621  -167.733475   212188.591   367.428768
    11.000000     2.464813   893.925930  -181.940736   222000.424   372.439668
    12.000000     2.464813   890.625950  -185.242178   226122.202   374.617016
    13.000000     2.464813   888.578974  -185.233905   227711.435   375.628460
    14.000000     2.464813   887.907017  -185.071722   227650.207   375.942254
    15.000000     2.464813   887.498408  -184.491925   226776.542   375.984425
    16.000000     2.464813   887.211478  -181.768048   226756.199   376.554964
    17.000000     2.464813   884.330067  -169.109181   234454.765   380.852657
    18.000000     2.464813   866.913155  -117.388591   279758.700   402.064529
    19.000000     2.464813   834.665673   -41.959741   364655.176   436.977957
    20.000000     2.464813   815.767413    -4.607441   412711.892   453.781175
    21.000000     2.464813   810.724851     7.458619   425614.032   457.788942
    22.000000     2.464813   810.249693    11.955740   427018.594   458.173976
    23.000000     2.464813   811.090526    13.778478   424896.828   457.451631
    24.000000     2.464813   812.679246    13.678462   420896.990   456.135532
    25.000000     2.464813   814.614964    13.256270   416052.585   454.543972
    26.000000     2.464813   816.689717    12.655840   410893.498   452.843024
    27.000000     2.464813   818.781448    12.025016   405725.413   451.125099
    28.000000     2.464813   820.891908    11.357736   400560.393   449.400123
    29.000000     2.464813   822.836700    11.102761   395785.424   447.788913
    30.000000     2.464813   824.781493    10.847787   391010.454   446.177703
     0.000000     2.772087   995.204709     0.000000   100944.360   293.000000
     1.000000     2.772087   995.197332    -0.020651   100953.169   293.007305
     2.000000     2.772087   995.174990    -0.083076   100979.846   293.029425
     3.000000     2.772087   995.092368    -0.312496   101078.434   293.111149
     4.000000     2.772087   994.787876    -1.148564   101440.993   293.411334
     5.000000     2.772087   993.689899    -4.097168   102738.881   294.481466
     6.000000     2.772087   989.824901   -13.918231   107207.556   298.115565
     7.000000     2.772087   977.029657   -42.457840   121368.538   309.187051
     8.000000     2.772087   945.549093  -101.574738   157091.341   334.696198
     9.000000     2.772087   911.937770  -156.874506   198711.129   360.287126
    10.000000     2.772087   896.939631  -176.010636   219213.329   371.057178
    11.000000     2.772087   891.058647  -183.167510   225428.922   374.299409
    12.000000     2.772087   888.857586  -185.609594   226956.297   375.332342
    13.000000     2.772087   887.378802  -185.437047   227669.759   376.070996
    14.000000     2.772087   886.764380  -184.831481   227393.168   376.465862
    15.000000     2.772087   886.559053  -183.812473   226518.310   376.741414
    16.000000     2.772087   886.725491  -182.048426   225025.964   376.855271
    17.000000     2.772087   886.579555  -176.727381   226165.106   378.086773
    18.000000     2.772087   880.963412  -154.580484   241603.843   385.939223
    19.000000     2.772087   856.322323   -88.789504   303658.552   413.867544
    20.000000     2.772087   827.864321   -23.600638   381147.161   444.012917
    21.000000     2.772087   814.598056     2.319312   414393.751   455.220671
    22.000000     2.772087   811.047865    10.891521   423296.178   457.983670
    23.000000     2.772087   811.057945    14.084226   423266.921   457.940089
    24.000000     2.772087   812.036618    15.253915   420763.050   457.118385
    25.000000     2.772087   813.759545    14.925330   416369.179   455.698331
    26.000000     2.772087   815.737150    14.346488   411356.541   454.071670
    27.000000     2.772087   817.791676    13.707394   406178.298   452.377694
    28.000000     2.772087   819.907431    13.026058   400897.001   450.639515
    29.000000     2.772087   821.881360    12.741496   395946.783   448.992887
    30.000000     2.772087   823.855290    12.456934   390996.566   447.346260
     0.000000     3.110088   995.204709     0.000000   100944.360   293.000000
     1.000000     3.110088   995.187978    -0.045362   100964.337   293.016566
     2.000000     3.110088   995.137205    -0.182891   101024.942   293.066814
     3.000000     3.110088   994.950181    -0.687846   101247.859   293.251533
     4.000000     3.110088   994.268852    -2.507922   102055.844   293.919688
     5.000000     3.110088   991.853212    -8.744828   104873.917   296.233899
     6.000000     3.110088   983.687336   -27.915063   114025.256   303.579992
     7.000000     3.110088   960.710930   -73.886516   139307.936   322.578423
     8.000000     3.110088   923.915339  -137.143479   183975.696   351.972121
     9.000000     3.110088   901.563515  -170.976027   211746.195   367.462459
    10.000000     3.110088   892.529659  -181.269317   223309.703   373.433484
    11.000000     3.110088   888.379615  -184.314502   227004.177   375.569599
    12.000000     3.110088   886.777370  -185.298916   227690.044   376.380072
    13.000000     3.110088   885.878470  -185.061633   227627.715   376.974113
    14.000000     3.110088   885.570314  -184.301410   226978.532   377.449962
    15.000000     3.110088   885.760640  -183.018446   225836.102   377.737130
    16.000000     3.110088   886.419638  -181.368805   224288.801   377.608983
    17.000000     3.110088   887.393781  -178.499969   222641.843   377.238409
    18.000000     3.110088   886.641597  -170.030859   225940.301   379.041009
    19.000000     3.110088   877.372196  -138.425793   250296.594   390.902350
    20.000000     3.110088   850.304833   -67.995155   320958.112   421.922611
    21.000000     3.110088   823.297671   -12.939401   389212.603   447.708747
    22.000000     3.110088   813.258622     6.925039   413996.073   455.898778
    23.000000     3.110088   810.823834    13.258250   420297.655   457.861389
    24.000000     3.110088   811.184922    15.807991   419402.975   457.561351
    25.000000     3.110088   812.301095    16.624404   416611.073   456.662847
    26.000000     3.110088   814.160815    16.179065   411948.719   455.168796
    27.000000     3.110088   816.255969    15.581400   406720.119   453.481381
    28.000000     3.110088   818.460922    14.929335   401269.425   451.707929
    29.000000     3.110088   820.520286    14.601071   396144.641   450.022821
    30.000000     3.110088   822.579649    14.272807   391019.858   448.337714
     0.000000     3.481889   995.204709     0.000000   100944.360   293.000000
     1.000000     3.481889   995.164764    -0.107552   100992.045   293.039538
     2.000000     3.481889   995.043097    -0.434508   101137.149   293.159825
     3.000000     3.481889   994.596713    -1.625849   101667.493   293.599072
     4.000000     3.481889   992.992077    -5.807641   103549.796   295.152984
     5.000000     3.481889   987.452766   -19.236445   109824.106   300.274190
     6.000000     3.481889   970.638119   -54.375759   128068.572   314.512181
     7.000000     3.481889   937.844137  -116.829233   167775.499   341.875988
     8.000000     3.481889   907.357624  -160.984642   205135.986   364.012417
     9.000000     3.481889   894.405824  -178.249258   220370.984   372.062765
    10.000000     3.481889   888.665593  -183.821481   225873.872   375.220717
    11.000000     3.481889   886.090005  -184.969260   227666.126   376.706175
    12.000000     3.481889   884.921615  -184.898721   228054.368   377.686312
    13.000000     3.481889   884.605354  -184.459537   227555.983   378.351831
    14.000000     3.481889   884.750266  -183.552772   226586.596   378.617872
    15.000000     3.481889   885.415079  -182.143476   225141.426   378.417210
    16.000000     3.481889   886.451429  -180.281936   223298.280   377.812322
    17.000000     3.481889   887.563095  -178.139068   221085.496   376.888275
    18.000000     3.481889   889.079718  -174.277254   220172.748   376.473319
    19.000000     3.481889   887.146046  -162.893947   226373.845   379.529410
    20.000000     3.481889   874.124248  -122.984753   259358.743   395.413787
    21.000000     3.481889   845.917342   -53.257958   332334.929   426.962922
    22.000000     3.481889   822.566446    -6.907263   391165.805   448.580005
    23.000000     3.481889   814.137424     9.637470   411971.863   455.428479
    24.000000     3.481889   812.241860    15.401976   416419.110   456.832753
    25.000000     3.481889   812.674797    17.418337   415235.766   456.458354
    26.000000     3.481889   813.836708    18.237540   412217.432   455.503867
    27.000000     3.481889   815.758938    17.791525   407279.756   453.934154
    28.000000     3.481889   817.942774    17.149935   401736.617   452.155777
    29.000000     3.481889   820.031286    16.723688   396425.622   450.434256
    30.000000     3.481889   822.119798    16.297440   391114.628   448.712736
     0.000000     3.890871   995.204709     0.000000   100944.360   293.000000
     1.000000     3.890871   995.102929    -0.273225   101065.774   293.100654
     2.000000     3.890871   994.791380    -1.105247   101436.395   293.407836
     3.000000     3.890871   993.656635    -4.080301   102771.949   294.513783
     4.000000     3.890871   989.666860   -13.950176   107323.815   298.266155
     5.000000     3.890871   976.922234   -41.620402   121163.803   309.382067
     6.000000     3.890871   947.564031   -96.748872   154161.490   333.298844
     7.000000     3.890871   914.529062  -151.022293   195110.809   358.855804
     8.000000     3.890871   896.424472  -174.133485   216922.549   370.758362
     9.000000     3.890871   888.482312  -181.815731   225315.550   375.517709
    10.000000     3.890871   885.350570  -184.515870   227563.430   377.404719
    11.000000     3.890871   884.044548  -184.855334   228097.637   378.574381
    12.000000     3.890871   883.655044  -184.556253   227851.953   379.213030
    13.000000     3.890871   883.782421  -183.849490   227145.349   379.427271
    14.000000     3.890871   884.414595  -182.653894   225909.812   379.149606
    15.000000     3.890871   885.455958  -181.003393   224203.571   378.488454
    16.000000     3.890871   886.830028  -179.025268   222175.639   377.545540
    17.000000     3.890871   888.394483  -176.940837   219965.654   376.453868
    18.000000     3.890871   890.469892  -174.778027   217703.487   375.296987
    19.000000     3.890871   891.193079  -170.373129   218123.273   375.400995
    20.000000     3.890871   888.553201  -156.374629   226908.680   379.541446
    21.000000     3.890871   873.134381  -111.464685   265569.626   397.950715
    22.000000     3.890871   846.248830   -45.535666   336233.256   427.881522
    23.000000     3.890871   825.146116    -3.784431   389054.179   447.044966
    24.000000     3.890871   817.465666    11.705315   408134.612   453.366192
    25.000000     3.890871   815.488120    17.054187   412184.077   454.710775
    26.000000     3.890871   815.937840    19.199401   410722.176   454.308531
    27.000000     3.890871   817.053092    20.173676   407556.710   453.363912
    28.000000     3.890871   818.983985    19.741278   402353.821   451.753912
    29.000000     3.890871   821.042890    19.197206   396876.585   450.041534
    30.000000     3.890871   823.101794    18.653134   391399.348   448.329155
     0.000000     4.340750   995.204709     0.000000   100944.360   293.000000
     1.000000     4.340750   994.926369    -0.743712   101275.630   293.274557
     2.000000     4.340750   994.068707    -3.001046   102287.553   294.113751
     3.000000     4.340750   990.988931   -10.707241   105814.893   297.041813
     4.000000     4.340750   980.817156   -33.301126   116856.163   306.091701
     5.000000     4.340750   955.208796   -82.512122   144951.131   327.311845
     6.000000     4.340750   920.717902  -140.252969   186595.393   354.463817
     7.000000     4.340750   898.013251  -170.022145   213145.929   369.415446
     8.000000     4.340750   888.433105  -180.705384   223775.715   375.525659
     9.000000     4.340750   884.340400  -183.934479   227454.550   378.268119
    10.000000     4.340750   883.005084  -184.588630   228333.572   379.518425
    11.000000     4.340750   882.742224  -184.505112   228258.922   380.078124
    12.000000     4.340750   882.959624  -184.071490   227708.079   380.144757
    13.000000     4.340750   883.604600  -183.107273   226634.289   379.808102
    14.000000     4.340750   884.708235  -181.619578   225034.987   379.048299
    15.000000     4.340750   886.203639  -179.743966   223059.233   378.068921
    16.000000     4.340750   887.901085  -177.680535   220873.077   376.937064
    17.000000     4.340750   889.908694  -175.565182   218711.973   375.738906
    18.000000     4.340750   891.562910  -173.874051   216738.478   374.538342
    19.000000     4.340750   894.067009  -171.881609   214962.430   373.325153
    20.000000     4.340750   894.768224  -167.186175   216045.977   373.419516
    21.000000     4.340750   891.571869  -151.725188   226378.437   378.088587
    22.000000     4.340750   875.512629  -106.125088   266028.505   397.025912
    23.000000     4.340750   850.177056   -43.648025   332878.738   425.284838
    24.000000     4.340750   829.891406    -2.782428   383351.635   443.709829
    25.000000     4.340750   822.088838    12.863458   402796.764   450.197111
    26.000000     4.340750   820.042783    19.056346   406743.718   451.545681
    27.000000     4.340750   820.337285    21.255649   405576.978   451.270011
    28.000000     4.340750   821.394232    22.593844   402413.808   450.360187
    29.000000     4.340750   823.109461    22.190910   397614.304   448.922041
    30.000000     4.340750   824.824690    21.787977   392814.800   447.483894
     0.000000     4.835618   995.204709     0.000000   100944.360   293.000000
     1.000000     4.835618   994.383067    -2.167953   101914.311   293.804025
     2.000000     4.835618   991.827781    -8.602532   104846.834   296.248866
     3.000000     4.835618   983.084846   -28.184080   114289.727   304.125428
     4.000000     4.835618   959.926604   -72.966434   139128.823   323.523337
     5.000000     4.835618   925.170918  -132.118069   180272.693   351.165252
     6.000000     4.835618   898.954377  -166.370463   210206.138   368.752821
     7.000000     4.835618   887.696300  -179.185974   222823.970   376.125229
     8.000000     4.835618   883.413925  -183.435244   227318.098   379.260108
     9.000000     4.835618   882.107969  -184.621651   228447.292   380.415039
    10.000000     4.835618   882.025292  -184.612898   228469.406   380.758415
    11.000000     4.835618   882.284839  -184.287609   228098.542   380.715211
    12.000000     4.835618   882.990058  -183.440612   227163.662   380.254890
    13.000000     4.835618   884.219213  -182.051951   225654.762   379.473370
    14.000000     4.835618   885.887502  -180.271897   223736.379   378.426124
    15.000000     4.835618   887.823446  -178.309508   221615.452   377.182406
    16.000000     4.835618   889.919779  -176.321364   219470.356   375.811747
    17.000000     4.835618   892.098686  -174.476935   217480.200   374.379970
    18.000000     4.835618   894.473788  -172.773550   215534.676   372.892338
    19.000000     4.835618   896.432711  -171.300302   213925.607   371.521896
    20.000000     4.835618   898.553267  -169.356618   212432.839   370.375608
    21.000000     4.835618   898.806030  -164.543658   213788.151   370.625234
    22.000000     4.835618   895.242365  -149.246636   223921.478   375.693106
    23.000000     4.835618   879.965980  -106.469264   260406.732   393.527364
    24.000000     4.835618   855.914960   -46.759619   322512.352   420.371089
    25.000000     4.835618   835.398692    -4.210424   373728.150   439.420601
    26.000000     4.835618   826.709148    13.634959   395131.399   446.656127
    27.000000     4.835618   824.113998    20.513652   400712.270   448.501481
    28.000000     4.835618   824.333446    23.763456   399827.545   448.267651
    29.000000     4.835618   825.195344    24.613290   397282.892   447.504491
    30.000000     4.835618   826.057243    25.463123   394738.238   446.741331
     0.000000     5.379972   995.204709     0.000000   100944.360   293.000000
     1.000000     5.379972   992.544675    -6.713809   103983.139   295.533635
     2.000000     5.379972   984.325185   -25.001698   112739.005   302.962576
     3.000000     5.379972   961.786658   -67.991275   136281.839   321.943946
     4.000000     5.379972   926.319809  -127.345271   177017.770   350.106418
     5.000000     5.379972   898.094579  -164.310239   208662.267   369.334222
     6.000000     5.379972   886.355754  -178.263474   222298.899   377.278976
     7.000000     5.379972   882.295944  -183.188940   227337.087   380.311860
     8.000000     5.379972   881.378461  -184.625612   228688.813   381.291758
     9.000000     5.379972   881.527718  -184.800185   228748.449   381.319548
    10.000000     5.379972   881.904335  -184.573801   228425.786   381.111729
    11.000000     5.379972   882.823750  -183.823571   227549.535   380.560223
    12.000000     5.379972   884.306392  -182.528947   226110.025   379.641323
    13.000000     5.379972   886.209030  -180.854811   224271.567   378.392440
    14.000000     5.379972   888.432055  -178.998274   222227.550   376.891524
    15.000000     5.379972   890.809815  -177.081414   220137.946   375.283251
    16.000000     5.379972   893.270152  -175.258022   218075.846   373.646333
    17.000000     5.379972   895.500328  -173.426721   216155.710   372.195537
    18.000000     5.379972   897.382760  -171.841339   214446.632   370.983531
    19.000000     5.379972   899.099385  -170.278175   212753.193   369.874483
    20.000000     5.379972   900.430265  -168.759116   211314.176   368.978989
    21.000000     5.379972   901.847684  -166.704253   209906.795   368.143344
    22.000000     5.379972   901.793555  -162.013504   211051.486   368.670304
    23.000000     5.379972   898.483606  -148.353357   219609.883   373.105646
    24.000000     5.379972   885.412818  -111.344909   249870.725   388.366603
    25.000000     5.379972   863.230378   -55.247596   305485.981   413.192577
    26.000000     5.379972   841.450382    -8.247593   359598.593   434.168404
    27.000000     5.379972   831.063771    12.963884   384748.923   442.836439
    28.000000     5.379972   827.282005    22.078613   393581.566   445.765540
    29.000000     5.379972   827.178203    25.213756   393607.747   445.791962
    30.000000     5.379972   827.074402    28.348900   393633.928   445.818384
     0.000000     5.978762   995.204709     0.000000   100944.360   293.000000
     1.000000     5.978762   985.414040   -21.334481   110970.362   301.660449
     2.000000     5.978762   960.421841   -66.479063   135694.285   322.470370
     3.000000     5.978762   922.457047  -126.955395   177324.773   352.314253
     4.000000     5.978762   894.966371  -164.185070   209119.393   371.364186
     5.000000     5.978762   884.392578  -178.510835   222643.512   378.892606
     6.000000     5.978762   881.539630  -183.523317   227465.925   381.269920
     7.000000     5.978762   880.993064  -185.135969   228855.833   381.853804
     8.000000     5.978762   881.359146  -185.230293   228936.881   381.703343
     9.000000     5.978762   882.137476  -184.998809   228648.635   381.266758
    10.000000     5.978762   883.501704  -184.282316   227779.786   380.359218
    11.000000     5.978762   885.398723  -183.068426   226372.058   379.036872
    12.000000     5.978762   887.590964  -181.489083   224581.398   377.460948
    13.000000     5.978762   889.933281  -179.700229   222621.335   375.782889
    14.000000     5.978762   892.242206  -177.810258   220591.158   374.254108
    15.000000     5.978762   894.415986  -175.886420   218562.952   372.879160
    16.000000     5.978762   896.378701  -173.945341   216592.866   371.642831
    17.000000     5.978762   898.037377  -172.201165   214782.771   370.575495
    18.000000     5.978762   899.449791  -170.453191   213096.204   369.633861
    19.000000     5.978762   900.615502  -168.896765   211567.766   368.813054
    20.000000     5.978762   901.764366  -167.315645   209988.245   367.998486
    21.000000     5.978762   902.753881  -165.756594   208621.635   367.315388
    22.000000     5.978762   903.872052  -163.735311   207138.959   366.578990
    23.000000     5.978762   903.919247  -159.514724   207828.255   366.965340
    24.000000     5.978762   901.476445  -148.425317   214061.369   370.323216
    25.000000     5.978762   891.820919  -119.676250   235989.775   381.810769
    26.000000     5.978762   870.701818   -67.294572   284538.091   404.709569
    27.000000     5.978762   849.664499   -17.709931   338981.776   426.810172
    28.000000     5.978762   835.806173    10.656268   372039.754   438.823885
    29.000000     5.978762   831.414924    20.657185   382297.869   442.227688
    30.000000     5.978762   827.023675    30.658103   392555.984   445.631490
     0.000000     6.637431   995.204709     0.000000   100944.360   293.000000
     1.000000     6.637431   958.251415   -62.999171   133932.625   322.958696
     2.000000     6.637431   914.532797  -131.370286   181334.454   357.765103
     3.000000     6.637431   890.439509  -166.825619   212069.684   374.896279
     4.000000     6.637431   883.346151  -180.155938   224028.707   380.647691
     5.000000     6.637431   881.320036  -184.461888   228210.568   382.285969
     6.000000     6.637431   881.567868  -185.934864   229066.424   382.069028
     7.000000     6.637431   882.613357  -185.978659   229109.068   381.257037
     8.000000     6.637431   883.935018  -185.703753   228679.533   380.129351
     9.000000     6.637431   885.695965  -184.962967   227858.575   378.771240
    10.000000     6.637431   887.529219  -183.747464   226499.921   377.340122
    11.000000     6.637431   889.446917  -182.169655   224813.858   375.979878
    12.000000     6.637431   891.398942  -180.354029   222925.881   374.707389
    13.000000     6.637431   893.327263  -178.380964   220904.674   373.502113
    14.000000     6.637431   895.197556  -176.318290   218799.160   372.342429
    15.000000     6.637431   896.883242  -174.216557   216752.989   371.265520
    16.000000     6.637431   898.289992  -172.287127   214896.422   370.323802
    17.000000     6.637431   899.474114  -170.464365   213199.530   369.489644
    18.000000     6.637431   900.482866  -168.885130   211701.834   368.759370
    19.000000     6.637431   901.471201  -167.297373   210222.108   368.046877
    20.000000     6.637431   902.455255  -165.762089   208749.157   367.348534
    21.000000     6.637431   903.465755  -164.156647   207226.690   366.639283
    22.000000     6.637431   904.456666  -162.517132   205775.468   365.984698
    23.000000     6.637431   905.623713  -160.519768   204055.761   365.212919
    24.000000     6.637431   905.772400  -156.960411   204268.416   365.444362
    25.000000     6.637431   904.404627  -148.737608   207976.718   367.571019
    26.000000     6.637431   898.274528  -128.753525   221709.152   375.168447
    27.000000     6.637431   881.069852   -84.832293   259211.596   394.229575
    28.000000     6.637431   859.264289   -31.636806   312927.655   418.538782
    29.000000     6.637431   843.906168    -1.608496   347512.257   431.377479
    30.000000     6.637431   828.548047    28.419814   382096.859   444.216176
     0.000000     7.361966   995.204709     0.000000   100944.360   293.000000
     1.000000     7.361966   907.365890  -140.350408   187597.814   364.553374
     2.000000     7.361966   887.955867  -174.866145   216602.756   378.459982
     3.000000     7.361966   883.963587  -184.526191   225763.889   381.228278
     4.000000     7.361966   883.247168  -187.343622   228316.719   380.787392
     5.000000     7.361966   884.484249  -187.515075   229029.599   379.570426
     6.000000     7.361966   885.458605  -187.261645   228939.185   378.455241
     7.000000     7.361966   886.638432  -186.729632   228654.116   377.638884
     8.000000     7.361966   887.780623  -185.796839   227758.975   376.793776
     9.000000     7.361966   889.151520  -184.415667   226438.495   375.914022
    10.000000     7.361966   890.681202  -182.677615   224760.427   374.980509
    11.000000     7.361966   892.284705  -180.688872   222837.584   373.997347
    12.000000     7.361966   893.910449  -178.526157   220760.749   373.000970
    13.000000     7.361966   895.499911  -176.303110   218632.812   371.983741
    14.000000     7.361966   896.942537  -174.088678   216582.715   371.011489
    15.000000     7.361966   898.153961  -172.141324   214773.889   370.167036
    16.000000     7.361966   899.200516  -170.366384   213135.649   369.418502
    17.000000     7.361966   900.140043  -168.801104   211686.926   368.780330
    18.000000     7.361966   901.087636  -167.225171   210232.007   368.160688
    19.000000     7.361966   902.048876  -165.621097   208761.493   367.556297
    20.000000     7.361966   903.036510  -163.970781   207251.315   366.954858
    21.000000     7.361966   904.053080  -162.285133   205700.170   366.354407
    22.000000     7.361966   905.090124  -160.513154   204095.280   365.746276
    23.000000     7.361966   906.036063  -158.869677   202632.216   365.228287
    24.000000     7.361966   906.996771  -156.950636   200954.086   364.614576
    25.000000     7.361966   907.593349  -154.151710   200475.562   364.632742
    26.000000     7.361966   907.028308  -148.467174   202158.479   365.784919
    27.000000     7.361966   903.268382  -134.792080   210389.786   370.560120
    28.000000     7.361966   890.989239  -101.857433   235972.368   384.615518
    29.000000     7.361966   871.607897   -55.940385   277880.619   405.310573
    30.000000     7.361966   852.226556   -10.023337   319788.869   426.005627
     0.000000     8.158955   886.483624  -188.310443   230784.043   377.151055
     1.000000     8.158955   886.885616  -189.220556   229920.689   376.745246
     2.000000     8.158955   886.989190  -189.459090   229539.556   376.576587
     3.000000     8.158955   887.084807  -189.324287   229390.414   376.526135
     4.000000     8.158955   887.274865  -189.051606   229147.220   376.440416
     5.000000     8.158955   887.599591  -188.573691   228775.004   376.303184
     6.000000     8.158955   888.125347  -187.796739   228169.645   376.065475
     7.000000     8.158955   888.925217  -186.551393   227179.006   375.654930
     8.000000     8.158955   889.983349  -184.890799   225793.655   375.065516
     9.000000     8.158955   891.233899  -182.920235   224089.032   374.330903
    10.000000     8.158955   892.602224  -180.745735   222172.520   373.500425
    11.000000     8.158955   893.991147  -178.497044   220176.532   372.636448
    12.000000     8.158955   895.422941  -176.174773   218114.596   371.747829
    13.000000     8.158955   896.677118  -174.033709   216201.113   370.946328
    14.000000     8.158955   897.804429  -172.095240   214483.908   370.259521
    15.000000     8.158955   898.811959  -170.323642   212927.163   369.671708
    16.000000     8.158955   899.735904  -168.698610   211485.259   369.160884
    17.000000     8.158955   900.673444  -167.050562   210023.226   368.658964
    18.000000     8.158955   901.630040  -165.369171   208530.784   368.158505
    19.000000     8.158955   902.602724  -163.652170   207008.664   367.656996
    20.000000     8.158955   903.591516  -161.898487   205458.680   367.152192
    21.000000     8.158955   904.586528  -160.116097   203895.862   366.648579
    22.000000     8.158955   905.539163  -158.407726   202375.911   366.171906
    23.000000     8.158955   906.502859  -156.634358   200846.692   365.692791
    24.000000     8.158955   907.397557  -155.026845   199362.754   365.236966
    25.000000     8.158955   908.246495  -153.193740   198075.052   364.881288
    26.000000     8.158955   909.134878  -150.898946   196752.641   364.508810
    27.000000     8.158955   909.047126  -146.852834   197244.595   365.080420
    28.000000     8.158955   907.065898  -137.941748   201383.816   367.656446
    29.000000     8.158955   900.418435  -118.225482   214221.059   375.498726
    30.000000     8.158955   893.770972   -98.509216   227058.302   383.341005
     0.000000     9.035643   886.483624  -188.310443   230784.043   377.151055
     1.000000     9.035643   886.639329  -188.433634   230396.603   377.032401
     2.000000     9.035643   886.839142  -188.553591   229950.717   376.894719
     3.000000     9.035643   887.144683  -188.475308   229367.431   376.704037
     4.000000     9.035643   887.576314  -188.161161   228629.496   376.453318
     5.000000     9.035643   888.182082  -187.499041   227664.312   376.108659
     6.000000     9.035643   889.012114  -186.401758   226390.663   375.631164
     7.000000     9.035643   890.053833  -184.881987   224821.934   375.025899
     8.000000     9.035643   891.251501  -183.017719   223034.108   374.327639
     9.000000     9.035643   892.533243  -180.923409   221125.199   373.582382
    10.000000     9.035643   893.879674  -178.690094   219140.427   372.811795
    11.000000     9.035643   895.125456  -176.488194   217256.781   372.102245
    12.000000     9.035643   896.432906  -174.174672   215293.929   371.367070
    13.000000     9.035643   897.448483  -172.284442   213713.209   370.833062
    14.000000     9.035643   898.472306  -170.381752   212129.300   370.310506
    15.000000     9.035643   899.365635  -168.672800   210706.738   369.879938
    16.000000     9.035643   900.271922  -166.946254   209264.264   369.449163
    17.000000     9.035643   901.195655  -165.196707   207793.050   369.011111
    18.000000     9.035643   902.135240  -163.425488   206295.171   368.564036
    19.000000     9.035643   903.083759  -161.641967   204781.091   368.110512
    20.000000     9.035643   904.064177  -159.812918   203229.059   367.636838
    21.000000     9.035643   904.983985  -158.067658   201745.651   367.195889
    22.000000     9.035643   905.921027  -156.305128   200241.338   366.740110
    23.000000     9.035643   906.809992  -154.575453   198803.984   366.314726
    24.000000     9.035643   907.687630  -152.944264   197381.880   365.890633
    25.000000     9.035643   908.718609  -151.105507   195755.397   365.343233
    26.000000     9.035643   909.469016  -149.458424   194569.257   365.027348
    27.000000     9.035643   910.628413  -147.066579   193054.529   364.521036
    28.000000     9.035643   910.889502  -143.155647   193267.862   365.088337
    29.000000     9.035643   910.862087  -135.074063   195332.625   366.187274
    30.000000     9.035643   910.834673  -126.992479   197397.387   367.286211
     0.000000    10.000000   886.483624  -188.310443   230784.043   377.151055
     1.000000    10.000000   886.368413  -187.568020   230920.109   377.348271
     2.000000    10.000000   886.674090  -187.557542   230402.995   377.244665
     3.000000    10.000000   887.210547  -187.541430   229342.150   376.899730
     4.000000    10.000000   887.907908  -187.181672   228059.999   376.467511
     5.000000    10.000000   888.822821  -186.316926   226442.551   375.894682
     6.000000    10.000000   889.987557  -184.867279   224433.784   375.153423
     7.000000    10.000000   891.295309  -183.045639   222229.154   374.333964
     8.000000    10.000000   892.646467  -180.957331   219998.605   373.515974
     9.000000    10.000000   893.962521  -178.726901   217864.982   372.759009
    10.000000    10.000000   895.284868  -176.428887   215805.124   372.054303
    11.000000    10.000000   896.373196  -174.278458   214045.056   371.514622
    12.000000    10.000000   897.543867  -171.974561   212191.195   370.948235
    13.000000    10.000000   898.296986  -170.360247   210976.515   370.708470
    14.000000    10.000000   899.206971  -168.496915   209539.230   370.366589
    15.000000    10.000000   899.974679  -166.856873   208264.271   370.108992
    16.000000    10.000000   900.861542  -165.018661   206821.169   369.766271
    17.000000    10.000000   901.770088  -163.157466   205339.856   369.398474
    18.000000    10.000000   902.690961  -161.287437   203835.996   369.010120
    19.000000    10.000000   903.612898  -159.430744   202330.761   368.609379
    20.000000    10.000000   904.584104  -157.518792   200776.477   368.169949
    21.000000    10.000000   905.421188  -155.814375   199380.418   367.797930
    22.000000    10.000000   906.341077  -153.992269   197893.308   367.365134
    23.000000    10.000000   907.147839  -152.310657   196557.005   366.998854
    24.000000    10.000000   908.006711  -150.653426   195202.919   366.609668
    25.000000    10.000000   909.237934  -148.808450   193203.777   365.851372
    26.000000    10.000000   909.836568  -147.873849   192167.534   365.597739
    27.000000    10.000000   912.367830  -147.301698   188445.456   363.905714
    28.000000    10.000000   915.095467  -148.890937   184340.313   362.263418
    29.000000    10.000000   922.350105  -153.607503   174555.347   355.944677
    30.000000    10.000000   929.604733  -158.324073   164770.385   349.625939
