     0.00000000     0.00000000   995.20470869
     0.00000000
     1.00000000     0.00000000   995.20470869
     0.00000000
     2.00000000     0.00000000   995.20470869
     0.00000000
     3.00000000     0.00000000   995.20470869
     0.00000000
     4.00000000     0.00000000   995.20470869
     0.00000000
     5.00000000     0.00000000   995.20470869
     0.00000000
     6.00000000     0.00000000   995.20470869
     0.00000000
     7.00000000     0.00000000   995.20470869
     0.00000000
     8.00000000     0.00000000   995.20470869
     0.00000000
     9.00000000     0.00000000   995.20470869
     0.00000000
    10.00000000     0.00000000   995.20470869
     0.00000000
    11.00000000     0.00000000   995.20470869
     0.00000000
    12.00000000     0.00000000   995.20470869
     0.00000000
    13.00000000     0.00000000   995.20470869
     0.00000000
    14.00000000     0.00000000   995.20470869
     0.00000000
    15.00000000     0.00000000   995.20470869
     0.00000000
    16.00000000     0.00000000   995.20470869
     0.00000000
    17.00000000     0.00000000   995.20470869
     0.00000000
    18.00000000     0.00000000   995.20470869
     0.00000000
    19.00000000     0.00000000   995.20470869
     0.00000000
    20.00000000     0.00000000   995.20470869
     0.00000000
    21.00000000     0.00000000   995.20470869
     0.00000000
    22.00000000     0.00000000   995.20470869
     0.00000000
    23.00000000     0.00000000   995.20470869
     0.00000000
    24.00000000     0.00000000   995.20470869
     0.00000000
    25.00000000     0.00000000   995.20470869
     0.00000000
    26.00000000     0.00000000   995.20470869
     0.00000000
    27.00000000     0.00000000   995.20470869
     0.00000000
    28.00000000     0.00000000   995.20470869
     0.00000000
    29.00000000     0.00000000   995.20470869
     0.00000000
    30.00000000     0.00000000   995.20470869
     0.00000000
     0.00000000     0.33333333   995.20470869
     0.00000000
     1.00000000     0.33333333   995.20470869
     0.00000000
     2.00000000     0.33333333   995.20470869
     0.00000000
     3.00000000     0.33333333   995.20470869
     0.00000000
     4.00000000     0.33333333   995.20470869
     0.00000000
     5.00000000     0.33333333   995.20470869
     0.00000000
     6.00000000     0.33333333   995.20470869
     0.00000000
     7.00000000     0.33333333   995.20470869
     0.00000000
     8.00000000     0.33333333   995.20470869
     0.00000000
     9.00000000     0.33333333   995.20470869
     0.00000000
    10.00000000     0.33333333   995.20470869
     0.00000000
    11.00000000     0.33333333   995.20470869
     0.00000000
    12.00000000     0.33333333   995.20470869
     0.00000000
    13.00000000     0.33333333   995.20470869
     0.00000000
    14.00000000     0.33333333   995.20470869
     0.00000000
    15.00000000     0.33333333   995.20470869
     0.00000000
    16.00000000     0.33333333   995.20470869
     0.00000000
    17.00000000     0.33333333   995.20470869
     0.00000000
    18.00000000     0.33333333   995.20470869
     0.00000000
    19.00000000     0.33333333   995.20470869
     0.00000000
    20.00000000     0.33333333   995.20470869
     0.00000000
    21.00000000     0.33333333   995.20470869
     0.00000000
    22.00000000     0.33333333   995.20470869
     0.00000000
    23.00000000     0.33333333   995.20470869
     0.00000000
    24.00000000     0.33333333   995.20470869
     0.00000000
    25.00000000     0.33333333   995.20470869
     0.00000000
    26.00000000     0.33333333   995.20470869
     0.00000000
    27.00000000     0.33333333   995.20470869
     0.00000000
    28.00000000     0.33333333   995.20470869
     0.00000000
    29.00000000     0.33333333   995.20470869
     0.00000000
    30.00000000     0.33333333   995.20470869
     0.00000000
     0.00000000     0.66666667   995.20470869
     0.00000000
     1.00000000     0.66666667   995.20470869
     0.00000000
     2.00000000     0.66666667   995.20470869
     0.00000000
     3.00000000     0.66666667   995.20470869
     0.00000000
     4.00000000     0.66666667   995.20470869
     0.00000000
     5.00000000     0.66666667   995.20470869
     0.00000000
     6.00000000     0.66666667   995.20470869
     0.00000000
     7.00000000     0.66666667   995.20470869
     0.00000000
     8.00000000     0.66666667   995.20470869
     0.00000000
     9.00000000     0.66666667   995.20470869
     0.00000000
    10.00000000     0.66666667   995.20470869
     0.00000000
    11.00000000     0.66666667   995.20470869
     0.00000000
    12.00000000     0.66666667   995.20470869
     0.00000000
    13.00000000     0.66666667   995.20470869
     0.00000000
    14.00000000     0.66666667   995.20470869
     0.00000000
    15.00000000     0.66666667   995.20470869
     0.00000000
    16.00000000     0.66666667   995.20470869
     0.00000000
    17.00000000     0.66666667   995.20470869
     0.00000000
    18.00000000     0.66666667   995.20470869
     0.00000000
    19.00000000     0.66666667   995.20470869
     0.00000000
    20.00000000     0.66666667   995.20470869
     0.00000000
    21.00000000     0.66666667   995.20470869
     0.00000000
    22.00000000     0.66666667   995.20470869
     0.00000000
    23.00000000     0.66666667   995.20470869
     0.00000000
    24.00000000     0.66666667   995.20470869
     0.00000000
    25.00000000     0.66666667   995.20470869
     0.00000000
    26.00000000     0.66666667   995.20470869
     0.00000000
    27.00000000     0.66666667   995.20470869
     0.00000000
    28.00000000     0.66666667   995.20470869
     0.00000000
    29.00000000     0.66666667   995.20470869
     0.00000000
    30.00000000     0.66666667   995.20470869
     0.00000000
     0.00000000     1.00000000   995.20470869
     0.00000000
     1.00000000     1.00000000   995.20470869
     0.00000000
     2.00000000     1.00000000   995.20470869
     0.00000000
     3.00000000     1.00000000   995.20470869
     0.00000000
     4.00000000     1.00000000   995.20470869
     0.00000000
     5.00000000     1.00000000   995.20470869
     0.00000000
     6.00000000     1.00000000   995.20470869
     0.00000000
     7.00000000     1.00000000   995.20470869
     0.00000000
     8.00000000     1.00000000   995.20470869
     0.00000000
     9.00000000     1.00000000   995.20470869
     0.00000000
    10.00000000     1.00000000   995.20470869
     0.00000000
    11.00000000     1.00000000   995.20470869
     0.00000000
    12.00000000     1.00000000   995.20470869
     0.00000000
    13.00000000     1.00000000   995.20470869
     0.00000000
    14.00000000     1.00000000   995.20470869
     0.00000000
    15.00000000     1.00000000   995.20470869
     0.00000000
    16.00000000     1.00000000   995.20470869
     0.00000000
    17.00000000     1.00000000   995.20470869
     0.00000000
    18.00000000     1.00000000   995.20470869
     0.00000000
    19.00000000     1.00000000   995.20470869
     0.00000000
    20.00000000     1.00000000   995.20470869
     0.00000000
    21.00000000     1.00000000   995.20470869
     0.00000000
    22.00000000     1.00000000   995.20470869
     0.00000000
    23.00000000     1.00000000   995.20470869
     0.00000000
    24.00000000     1.00000000   995.20470869
     0.00000000
    25.00000000     1.00000000   995.20470869
     0.00000000
    26.00000000     1.00000000   995.20470869
     0.00000000
    27.00000000     1.00000000   995.20470869
     0.00000000
    28.00000000     1.00000000   995.20470869
     0.00000000
    29.00000000     1.00000000   995.20470869
     0.00000000
    30.00000000     1.00000000   995.20470869
     0.00000000
     0.00000000     1.33333333   995.20470869
     0.00000000
     1.00000000     1.33333333   995.20470869
     0.00000000
     2.00000000     1.33333333   995.20470869
     0.00000000
     3.00000000     1.33333333   995.20470869
     0.00000000
     4.00000000     1.33333333   995.20470869
     0.00000000
     5.00000000     1.33333333   995.20470869
     0.00000000
     6.00000000     1.33333333   995.20470869
     0.00000000
     7.00000000     1.33333333   995.20470869
     0.00000000
     8.00000000     1.33333333   995.20470869
     0.00000000
     9.00000000     1.33333333   995.20470869
     0.00000000
    10.00000000     1.33333333   995.20470869
     0.00000000
    11.00000000     1.33333333   995.20470869
     0.00000000
    12.00000000     1.33333333   995.20470869
     0.00000000
    13.00000000     1.33333333   995.20470869
     0.00000000
    14.00000000     1.33333333   995.20470869
     0.00000000
    15.00000000     1.33333333   995.20470869
     0.00000000
    16.00000000     1.33333333   995.20470869
     0.00000000
    17.00000000     1.33333333   995.20470869
     0.00000000
    18.00000000     1.33333333   995.20470869
     0.00000000
    19.00000000     1.33333333   995.20470869
     0.00000000
    20.00000000     1.33333333   995.20470869
     0.00000000
    21.00000000     1.33333333   995.20470869
     0.00000000
    22.00000000     1.33333333   995.20470869
     0.00000000
    23.00000000     1.33333333   995.20470869
     0.00000000
    24.00000000     1.33333333   995.20470869
     0.00000000
    25.00000000     1.33333333   995.20470869
     0.00000000
    26.00000000     1.33333333   995.20470869
     0.00000000
    27.00000000     1.33333333   995.20470869
     0.00000000
    28.00000000     1.33333333   995.20470869
     0.00000000
    29.00000000     1.33333333   995.20470869
     0.00000000
    30.00000000     1.33333333   995.20470869
     0.00000000
     0.00000000     1.66666667   995.20470869
     0.00000000
     1.00000000     1.66666667   995.20470869
     0.00000000
     2.00000000     1.66666667   995.20470869
     0.00000000
     3.00000000     1.66666667   995.20470869
     0.00000000
     4.00000000     1.66666667   995.20470869
     0.00000000
     5.00000000     1.66666667   995.20470869
     0.00000000
     6.00000000     1.66666667   995.20470869
     0.00000000
     7.00000000     1.66666667   995.20470869
     0.00000000
     8.00000000     1.66666667   995.20470869
     0.00000000
     9.00000000     1.66666667   995.20470869
     0.00000000
    10.00000000     1.66666667   995.20470869
     0.00000000
    11.00000000     1.66666667   995.20470869
     0.00000000
    12.00000000     1.66666667   995.20470869
     0.00000000
    13.00000000     1.66666667   995.20470869
     0.00000000
    14.00000000     1.66666667   995.20470869
     0.00000000
    15.00000000     1.66666667   995.20470869
     0.00000000
    16.00000000     1.66666667   995.20470869
     0.00000000
    17.00000000     1.66666667   995.20470869
     0.00000000
    18.00000000     1.66666667   995.20470869
     0.00000000
    19.00000000     1.66666667   995.20470869
     0.00000000
    20.00000000     1.66666667   995.20470869
     0.00000000
    21.00000000     1.66666667   995.20470869
     0.00000000
    22.00000000     1.66666667   995.20470869
     0.00000000
    23.00000000     1.66666667   995.20470869
     0.00000000
    24.00000000     1.66666667   995.20470869
     0.00000000
    25.00000000     1.66666667   995.20470869
     0.00000000
    26.00000000     1.66666667   995.20470869
     0.00000000
    27.00000000     1.66666667   995.20470869
     0.00000000
    28.00000000     1.66666667   995.20470869
     0.00000000
    29.00000000     1.66666667   995.20470869
     0.00000000
    30.00000000     1.66666667   995.20470869
     0.00000000
     0.00000000     2.00000000   995.20470869
     0.00000000
     1.00000000     2.00000000   995.20470869
     0.00000000
     2.00000000     2.00000000   995.20470869
     0.00000000
     3.00000000     2.00000000   995.20470869
     0.00000000
     4.00000000     2.00000000   995.20470869
     0.00000000
     5.00000000     2.00000000   995.20470869
     0.00000000
     6.00000000     2.00000000   995.20470869
     0.00000000
     7.00000000     2.00000000   995.20470869
     0.00000000
     8.00000000     2.00000000   995.20470869
     0.00000000
     9.00000000     2.00000000   995.20470869
     0.00000000
    10.00000000     2.00000000   995.20470869
     0.00000000
    11.00000000     2.00000000   995.20470869
     0.00000000
    12.00000000     2.00000000   995.20470869
     0.00000000
    13.00000000     2.00000000   995.20470869
     0.00000000
    14.00000000     2.00000000   995.20470869
     0.00000000
    15.00000000     2.00000000   995.20470869
     0.00000000
    16.00000000     2.00000000   995.20470869
     0.00000000
    17.00000000     2.00000000   995.20470869
     0.00000000
    18.00000000     2.00000000   995.20470869
     0.00000000
    19.00000000     2.00000000   995.20470869
     0.00000000
    20.00000000     2.00000000   995.20470869
     0.00000000
    21.00000000     2.00000000   995.20470869
     0.00000000
    22.00000000     2.00000000   995.20470869
     0.00000000
    23.00000000     2.00000000   995.20470869
     0.00000000
    24.00000000     2.00000000   995.20470869
     0.00000000
    25.00000000     2.00000000   995.20470869
     0.00000000
    26.00000000     2.00000000   995.20470869
     0.00000000
    27.00000000     2.00000000   995.20470869
     0.00000000
    28.00000000     2.00000000   995.20470869
     0.00000000
    29.00000000     2.00000000   995.20470869
     0.00000000
    30.00000000     2.00000000   995.20470869
     0.00000000
     0.00000000     2.33333333   995.20470869
     0.00000000
     1.00000000     2.33333333   995.20470869
     0.00000000
     2.00000000     2.33333333   995.20470869
     0.00000000
     3.00000000     2.33333333   995.20470869
     0.00000000
     4.00000000     2.33333333   995.20470869
     0.00000000
     5.00000000     2.33333333   995.20470869
     0.00000000
     6.00000000     2.33333333   995.20470869
     0.00000000
     7.00000000     2.33333333   995.20470869
     0.00000000
     8.00000000     2.33333333   995.20470869
     0.00000000
     9.00000000     2.33333333   995.20470869
     0.00000000
    10.00000000     2.33333333   995.20470869
     0.00000000
    11.00000000     2.33333333   995.20470869
     0.00000000
    12.00000000     2.33333333   995.20470869
     0.00000000
    13.00000000     2.33333333   995.20470869
     0.00000000
    14.00000000     2.33333333   995.20470869
     0.00000000
    15.00000000     2.33333333   995.20470869
     0.00000000
    16.00000000     2.33333333   995.20470869
     0.00000000
    17.00000000     2.33333333   995.20470869
     0.00000000
    18.00000000     2.33333333   995.20470869
     0.00000000
    19.00000000     2.33333333   995.20470869
     0.00000000
    20.00000000     2.33333333   995.20470869
     0.00000000
    21.00000000     2.33333333   995.20470869
     0.00000000
    22.00000000     2.33333333   995.20470869
     0.00000000
    23.00000000     2.33333333   995.20470869
     0.00000000
    24.00000000     2.33333333   995.20470869
     0.00000000
    25.00000000     2.33333333   995.20470869
     0.00000000
    26.00000000     2.33333333   995.20470869
     0.00000000
    27.00000000     2.33333333   995.20470869
     0.00000000
    28.00000000     2.33333333   995.20470869
     0.00000000
    29.00000000     2.33333333   995.20470869
     0.00000000
    30.00000000     2.33333333   995.20470869
     0.00000000
     0.00000000     2.66666667   995.20470869
     0.00000000
     1.00000000     2.66666667   995.20470869
     0.00000000
     2.00000000     2.66666667   995.20470869
     0.00000000
     3.00000000     2.66666667   995.20470869
     0.00000000
     4.00000000     2.66666667   995.20470869
     0.00000000
     5.00000000     2.66666667   995.20470869
     0.00000000
     6.00000000     2.66666667   995.20470869
     0.00000000
     7.00000000     2.66666667   995.20470869
     0.00000000
     8.00000000     2.66666667   995.20470869
     0.00000000
     9.00000000     2.66666667   995.20470869
     0.00000000
    10.00000000     2.66666667   995.20470869
     0.00000000
    11.00000000     2.66666667   995.20470869
     0.00000000
    12.00000000     2.66666667   995.20470869
     0.00000000
    13.00000000     2.66666667   995.20470869
     0.00000000
    14.00000000     2.66666667   995.20470869
     0.00000000
    15.00000000     2.66666667   995.20470869
     0.00000000
    16.00000000     2.66666667   995.20470869
     0.00000000
    17.00000000     2.66666667   995.20470869
     0.00000000
    18.00000000     2.66666667   995.20470869
     0.00000000
    19.00000000     2.66666667   995.20470869
     0.00000000
    20.00000000     2.66666667   995.20470869
     0.00000000
    21.00000000     2.66666667   995.20470869
     0.00000000
    22.00000000     2.66666667   995.20470869
     0.00000000
    23.00000000     2.66666667   995.20470869
     0.00000000
    24.00000000     2.66666667   995.20470869
     0.00000000
    25.00000000     2.66666667   995.20470869
     0.00000000
    26.00000000     2.66666667   995.20470869
     0.00000000
    27.00000000     2.66666667   995.20470869
     0.00000000
    28.00000000     2.66666667   995.20470869
     0.00000000
    29.00000000     2.66666667   995.20470869
     0.00000000
    30.00000000     2.66666667   995.20470869
     0.00000000
     0.00000000     3.00000000   995.20470869
     0.00000000
     1.00000000     3.00000000   995.20470869
     0.00000000
     2.00000000     3.00000000   995.20470869
     0.00000000
     3.00000000     3.00000000   995.20470869
     0.00000000
     4.00000000     3.00000000   995.20470869
     0.00000000
     5.00000000     3.00000000   995.20470869
     0.00000000
     6.00000000     3.00000000   995.20470869
     0.00000000
     7.00000000     3.00000000   995.20470869
     0.00000000
     8.00000000     3.00000000   995.20470869
     0.00000000
     9.00000000     3.00000000   995.20470869
     0.00000000
    10.00000000     3.00000000   995.20470869
     0.00000000
    11.00000000     3.00000000   995.20470869
     0.00000000
    12.00000000     3.00000000   995.20470869
     0.00000000
    13.00000000     3.00000000   995.20470869
     0.00000000
    14.00000000     3.00000000   995.20470869
     0.00000000
    15.00000000     3.00000000   995.20470869
     0.00000000
    16.00000000     3.00000000   995.20470869
     0.00000000
    17.00000000     3.00000000   995.20470869
     0.00000000
    18.00000000     3.00000000   995.20470869
     0.00000000
    19.00000000     3.00000000   995.20470869
     0.00000000
    20.00000000     3.00000000   995.20470869
     0.00000000
    21.00000000     3.00000000   995.20470869
     0.00000000
    22.00000000     3.00000000   995.20470869
     0.00000000
    23.00000000     3.00000000   995.20470869
     0.00000000
    24.00000000     3.00000000   995.20470869
     0.00000000
    25.00000000     3.00000000   995.20470869
     0.00000000
    26.00000000     3.00000000   995.20470869
     0.00000000
    27.00000000     3.00000000   995.20470869
     0.00000000
    28.00000000     3.00000000   995.20470869
     0.00000000
    29.00000000     3.00000000   995.20470869
     0.00000000
    30.00000000     3.00000000   995.20470869
     0.00000000
     0.00000000     3.33333333   995.20470869
     0.00000000
     1.00000000     3.33333333   995.20470869
     0.00000000
     2.00000000     3.33333333   995.20470869
     0.00000000
     3.00000000     3.33333333   995.20470869
     0.00000000
     4.00000000     3.33333333   995.20470869
     0.00000000
     5.00000000     3.33333333   995.20470869
     0.00000000
     6.00000000     3.33333333   995.20470869
     0.00000000
     7.00000000     3.33333333   995.20470869
     0.00000000
     8.00000000     3.33333333   995.20470869
     0.00000000
     9.00000000     3.33333333   995.20470869
     0.00000000
    10.00000000     3.33333333   995.20470869
     0.00000000
    11.00000000     3.33333333   995.20470869
     0.00000000
    12.00000000     3.33333333   995.20470869
     0.00000000
    13.00000000     3.33333333   995.20470869
     0.00000000
    14.00000000     3.33333333   995.20470869
     0.00000000
    15.00000000     3.33333333   995.20470869
     0.00000000
    16.00000000     3.33333333   995.20470869
     0.00000000
    17.00000000     3.33333333   995.20470869
     0.00000000
    18.00000000     3.33333333   995.20470869
     0.00000000
    19.00000000     3.33333333   995.20470869
     0.00000000
    20.00000000     3.33333333   995.20470869
     0.00000000
    21.00000000     3.33333333   995.20470869
     0.00000000
    22.00000000     3.33333333   995.20470869
     0.00000000
    23.00000000     3.33333333   995.20470869
     0.00000000
    24.00000000     3.33333333   995.20470869
     0.00000000
    25.00000000     3.33333333   995.20470869
     0.00000000
    26.00000000     3.33333333   995.20470869
     0.00000000
    27.00000000     3.33333333   995.20470869
     0.00000000
    28.00000000     3.33333333   995.20470869
     0.00000000
    29.00000000     3.33333333   995.20470869
     0.00000000
    30.00000000     3.33333333   995.20470869
     0.00000000
     0.00000000     3.66666667   995.20470869
     0.00000000
     1.00000000     3.66666667   995.20470869
     0.00000000
     2.00000000     3.66666667   995.20470869
     0.00000000
     3.00000000     3.66666667   995.20470869
     0.00000000
     4.00000000     3.66666667   995.20470869
     0.00000000
     5.00000000     3.66666667   995.20470869
     0.00000000
     6.00000000     3.66666667   995.20470869
     0.00000000
     7.00000000     3.66666667   995.20470869
     0.00000000
     8.00000000     3.66666667   995.20470869
     0.00000000
     9.00000000     3.66666667   995.20470869
     0.00000000
    10.00000000     3.66666667   995.20470869
     0.00000000
    11.00000000     3.66666667   995.20470869
     0.00000000
    12.00000000     3.66666667   995.20470869
     0.00000000
    13.00000000     3.66666667   995.20470869
     0.00000000
    14.00000000     3.66666667   995.20470869
     0.00000000
    15.00000000     3.66666667   995.20470869
     0.00000000
    16.00000000     3.66666667   995.20470869
     0.00000000
    17.00000000     3.66666667   995.20470869
     0.00000000
    18.00000000     3.66666667   995.20470869
     0.00000000
    19.00000000     3.66666667   995.20470869
     0.00000000
    20.00000000     3.66666667   995.20470869
     0.00000000
    21.00000000     3.66666667   995.20470869
     0.00000000
    22.00000000     3.66666667   995.20470869
     0.00000000
    23.00000000     3.66666667   995.20470869
     0.00000000
    24.00000000     3.66666667   995.20470869
     0.00000000
    25.00000000     3.66666667   995.20470869
     0.00000000
    26.00000000     3.66666667   995.20470869
     0.00000000
    27.00000000     3.66666667   995.20470869
     0.00000000
    28.00000000     3.66666667   995.20470869
     0.00000000
    29.00000000     3.66666667   995.20470869
     0.00000000
    30.00000000     3.66666667   995.20470869
     0.00000000
     0.00000000     4.00000000   995.20470869
     0.00000000
     1.00000000     4.00000000   995.20470869
     0.00000000
     2.00000000     4.00000000   995.20470869
     0.00000000
     3.00000000     4.00000000   995.20470869
     0.00000000
     4.00000000     4.00000000   995.20470869
     0.00000000
     5.00000000     4.00000000   995.20470869
     0.00000000
     6.00000000     4.00000000   995.20470869
     0.00000000
     7.00000000     4.00000000   995.20470869
     0.00000000
     8.00000000     4.00000000   995.20470869
     0.00000000
     9.00000000     4.00000000   995.20470869
     0.00000000
    10.00000000     4.00000000   995.20470869
     0.00000000
    11.00000000     4.00000000   995.20470869
     0.00000000
    12.00000000     4.00000000   995.20470869
     0.00000000
    13.00000000     4.00000000   995.20470869
     0.00000000
    14.00000000     4.00000000   995.20470869
     0.00000000
    15.00000000     4.00000000   995.20470869
     0.00000000
    16.00000000     4.00000000   995.20470869
     0.00000000
    17.00000000     4.00000000   995.20470869
     0.00000000
    18.00000000     4.00000000   995.20470869
     0.00000000
    19.00000000     4.00000000   995.20470869
     0.00000000
    20.00000000     4.00000000   995.20470869
     0.00000000
    21.00000000     4.00000000   995.20470869
     0.00000000
    22.00000000     4.00000000   995.20470869
     0.00000000
    23.00000000     4.00000000   995.20470869
     0.00000000
    24.00000000     4.00000000   995.20470869
     0.00000000
    25.00000000     4.00000000   995.20470869
     0.00000000
    26.00000000     4.00000000   995.20470869
     0.00000000
    27.00000000     4.00000000   995.20470869
     0.00000000
    28.00000000     4.00000000   995.20470869
     0.00000000
    29.00000000     4.00000000   995.20470869
     0.00000000
    30.00000000     4.00000000   995.20470869
     0.00000000
     0.00000000     4.33333333   995.20470869
     0.00000000
     1.00000000     4.33333333   995.20470869
     0.00000000
     2.00000000     4.33333333   995.20470869
     0.00000000
     3.00000000     4.33333333   995.20470869
     0.00000000
     4.00000000     4.33333333   995.20470869
     0.00000000
     5.00000000     4.33333333   995.20470869
     0.00000000
     6.00000000     4.33333333   995.20470869
     0.00000000
     7.00000000     4.33333333   995.20470869
     0.00000000
     8.00000000     4.33333333   995.20470869
     0.00000000
     9.00000000     4.33333333   995.20470869
     0.00000000
    10.00000000     4.33333333   995.20470869
     0.00000000
    11.00000000     4.33333333   995.20470869
     0.00000000
    12.00000000     4.33333333   995.20470869
     0.00000000
    13.00000000     4.33333333   995.20470869
     0.00000000
    14.00000000     4.33333333   995.20470869
     0.00000000
    15.00000000     4.33333333   995.20470869
     0.00000000
    16.00000000     4.33333333   995.20470869
     0.00000000
    17.00000000     4.33333333   995.20470869
     0.00000000
    18.00000000     4.33333333   995.20470869
     0.00000000
    19.00000000     4.33333333   995.20470869
     0.00000000
    20.00000000     4.33333333   995.20470869
     0.00000000
    21.00000000     4.33333333   995.20470869
     0.00000000
    22.00000000     4.33333333   995.20470869
     0.00000000
    23.00000000     4.33333333   995.20470869
     0.00000000
    24.00000000     4.33333333   995.20470869
     0.00000000
    25.00000000     4.33333333   995.20470869
     0.00000000
    26.00000000     4.33333333   995.20470869
     0.00000000
    27.00000000     4.33333333   995.20470869
     0.00000000
    28.00000000     4.33333333   995.20470869
     0.00000000
    29.00000000     4.33333333   995.20470869
     0.00000000
    30.00000000     4.33333333   995.20470869
     0.00000000
     0.00000000     4.66666667   995.20470869
     0.00000000
     1.00000000     4.66666667   995.20470869
     0.00000000
     2.00000000     4.66666667   995.20470869
     0.00000000
     3.00000000     4.66666667   995.20470869
     0.00000000
     4.00000000     4.66666667   995.20470869
     0.00000000
     5.00000000     4.66666667   995.20470869
     0.00000000
     6.00000000     4.66666667   995.20470869
     0.00000000
     7.00000000     4.66666667   995.20470869
     0.00000000
     8.00000000     4.66666667   995.20470869
     0.00000000
     9.00000000     4.66666667   995.20470869
     0.00000000
    10.00000000     4.66666667   995.20470869
     0.00000000
    11.00000000     4.66666667   995.20470869
     0.00000000
    12.00000000     4.66666667   995.20470869
     0.00000000
    13.00000000     4.66666667   995.20470869
     0.00000000
    14.00000000     4.66666667   995.20470869
     0.00000000
    15.00000000     4.66666667   995.20470869
     0.00000000
    16.00000000     4.66666667   995.20470869
     0.00000000
    17.00000000     4.66666667   995.20470869
     0.00000000
    18.00000000     4.66666667   995.20470869
     0.00000000
    19.00000000     4.66666667   995.20470869
     0.00000000
    20.00000000     4.66666667   995.20470869
     0.00000000
    21.00000000     4.66666667   995.20470869
     0.00000000
    22.00000000     4.66666667   995.20470869
     0.00000000
    23.00000000     4.66666667   995.20470869
     0.00000000
    24.00000000     4.66666667   995.20470869
     0.00000000
    25.00000000     4.66666667   995.20470869
     0.00000000
    26.00000000     4.66666667   995.20470869
     0.00000000
    27.00000000     4.66666667   995.20470869
     0.00000000
    28.00000000     4.66666667   995.20470869
     0.00000000
    29.00000000     4.66666667   995.20470869
     0.00000000
    30.00000000     4.66666667   995.20470869
     0.00000000
     0.00000000     5.00000000   995.20470869
     0.00000000
     1.00000000     5.00000000   995.20470869
     0.00000000
     2.00000000     5.00000000   995.20470869
     0.00000000
     3.00000000     5.00000000   995.20470869
     0.00000000
     4.00000000     5.00000000   995.20470869
     0.00000000
     5.00000000     5.00000000   995.20470869
     0.00000000
     6.00000000     5.00000000   995.20470869
     0.00000000
     7.00000000     5.00000000   995.20470869
     0.00000000
     8.00000000     5.00000000   995.20470869
     0.00000000
     9.00000000     5.00000000   995.20470869
     0.00000000
    10.00000000     5.00000000   995.20470869
     0.00000000
    11.00000000     5.00000000   995.20470869
     0.00000000
    12.00000000     5.00000000   995.20470869
     0.00000000
    13.00000000     5.00000000   995.20470869
     0.00000000
    14.00000000     5.00000000   995.20470869
     0.00000000
    15.00000000     5.00000000   995.20470869
     0.00000000
    16.00000000     5.00000000   995.20470869
     0.00000000
    17.00000000     5.00000000   995.20470869
     0.00000000
    18.00000000     5.00000000   995.20470869
     0.00000000
    19.00000000     5.00000000   995.20470869
     0.00000000
    20.00000000     5.00000000   995.20470869
     0.00000000
    21.00000000     5.00000000   995.20470869
     0.00000000
    22.00000000     5.00000000   995.20470869
     0.00000000
    23.00000000     5.00000000   995.20470869
     0.00000000
    24.00000000     5.00000000   995.20470869
     0.00000000
    25.00000000     5.00000000   995.20470869
     0.00000000
    26.00000000     5.00000000   995.20470869
     0.00000000
    27.00000000     5.00000000   995.20470869
     0.00000000
    28.00000000     5.00000000   995.20470869
     0.00000000
    29.00000000     5.00000000   995.20470869
     0.00000000
    30.00000000     5.00000000   995.20470869
     0.00000000
     0.00000000     5.33333333   995.20470869
     0.00000000
     1.00000000     5.33333333   995.20470869
     0.00000000
     2.00000000     5.33333333   995.20470869
     0.00000000
     3.00000000     5.33333333   995.20470869
     0.00000000
     4.00000000     5.33333333   995.20470869
     0.00000000
     5.00000000     5.33333333   995.20470869
     0.00000000
     6.00000000     5.33333333   995.20470869
     0.00000000
     7.00000000     5.33333333   995.20470869
     0.00000000
     8.00000000     5.33333333   995.20470869
     0.00000000
     9.00000000     5.33333333   995.20470869
     0.00000000
    10.00000000     5.33333333   995.20470869
     0.00000000
    11.00000000     5.33333333   995.20470869
     0.00000000
    12.00000000     5.33333333   995.20470869
     0.00000000
    13.00000000     5.33333333   995.20470869
     0.00000000
    14.00000000     5.33333333   995.20470869
     0.00000000
    15.00000000     5.33333333   995.20470869
     0.00000000
    16.00000000     5.33333333   995.20470869
     0.00000000
    17.00000000     5.33333333   995.20470869
     0.00000000
    18.00000000     5.33333333   995.20470869
     0.00000000
    19.00000000     5.33333333   995.20470869
     0.00000000
    20.00000000     5.33333333   995.20470869
     0.00000000
    21.00000000     5.33333333   995.20470869
     0.00000000
    22.00000000     5.33333333   995.20470869
     0.00000000
    23.00000000     5.33333333   995.20470869
     0.00000000
    24.00000000     5.33333333   995.20470869
     0.00000000
    25.00000000     5.33333333   995.20470869
     0.00000000
    26.00000000     5.33333333   995.20470869
     0.00000000
    27.00000000     5.33333333   995.20470869
     0.00000000
    28.00000000     5.33333333   995.20470869
     0.00000000
    29.00000000     5.33333333   995.20470869
     0.00000000
    30.00000000     5.33333333   995.20470869
     0.00000000
     0.00000000     5.66666667   995.20470869
     0.00000000
     1.00000000     5.66666667   995.20470869
     0.00000000
     2.00000000     5.66666667   995.20470869
     0.00000000
     3.00000000     5.66666667   995.20470869
     0.00000000
     4.00000000     5.66666667   995.20470869
     0.00000000
     5.00000000     5.66666667   995.20470869
     0.00000000
     6.00000000     5.66666667   995.20470869
     0.00000000
     7.00000000     5.66666667   995.20470869
     0.00000000
     8.00000000     5.66666667   995.20470869
     0.00000000
     9.00000000     5.66666667   995.20470869
     0.00000000
    10.00000000     5.66666667   995.20470869
     0.00000000
    11.00000000     5.66666667   995.20470869
     0.00000000
    12.00000000     5.66666667   995.20470869
     0.00000000
    13.00000000     5.66666667   995.20470869
     0.00000000
    14.00000000     5.66666667   995.20470869
     0.00000000
    15.00000000     5.66666667   995.20470869
     0.00000000
    16.00000000     5.66666667   995.20470869
     0.00000000
    17.00000000     5.66666667   995.20470869
     0.00000000
    18.00000000     5.66666667   995.20470869
     0.00000000
    19.00000000     5.66666667   995.20470869
     0.00000000
    20.00000000     5.66666667   995.20470869
     0.00000000
    21.00000000     5.66666667   995.20470869
     0.00000000
    22.00000000     5.66666667   995.20470869
     0.00000000
    23.00000000     5.66666667   995.20470869
     0.00000000
    24.00000000     5.66666667   995.20470869
     0.00000000
    25.00000000     5.66666667   995.20470869
     0.00000000
    26.00000000     5.66666667   995.20470869
     0.00000000
    27.00000000     5.66666667   995.20470869
     0.00000000
    28.00000000     5.66666667   995.20470869
     0.00000000
    29.00000000     5.66666667   995.20470869
     0.00000000
    30.00000000     5.66666667   995.20470869
     0.00000000
     0.00000000     6.00000000   995.20470869
     0.00000000
     1.00000000     6.00000000   995.20470869
     0.00000000
     2.00000000     6.00000000   995.20470869
     0.00000000
     3.00000000     6.00000000   995.20470869
     0.00000000
     4.00000000     6.00000000   995.20470869
     0.00000000
     5.00000000     6.00000000   995.20470869
     0.00000000
     6.00000000     6.00000000   995.20470869
     0.00000000
     7.00000000     6.00000000   995.20470869
     0.00000000
     8.00000000     6.00000000   995.20470869
     0.00000000
     9.00000000     6.00000000   995.20470869
     0.00000000
    10.00000000     6.00000000   995.20470869
     0.00000000
    11.00000000     6.00000000   995.20470869
     0.00000000
    12.00000000     6.00000000   995.20470869
     0.00000000
    13.00000000     6.00000000   995.20470869
     0.00000000
    14.00000000     6.00000000   995.20470869
     0.00000000
    15.00000000     6.00000000   995.20470869
     0.00000000
    16.00000000     6.00000000   995.20470869
     0.00000000
    17.00000000     6.00000000   995.20470869
     0.00000000
    18.00000000     6.00000000   995.20470869
     0.00000000
    19.00000000     6.00000000   995.20470869
     0.00000000
    20.00000000     6.00000000   995.20470869
     0.00000000
    21.00000000     6.00000000   995.20470869
     0.00000000
    22.00000000     6.00000000   995.20470869
     0.00000000
    23.00000000     6.00000000   995.20470869
     0.00000000
    24.00000000     6.00000000   995.20470869
     0.00000000
    25.00000000     6.00000000   995.20470869
     0.00000000
    26.00000000     6.00000000   995.20470869
     0.00000000
    27.00000000     6.00000000   995.20470869
     0.00000000
    28.00000000     6.00000000   995.20470869
     0.00000000
    29.00000000     6.00000000   995.20470869
     0.00000000
    30.00000000     6.00000000   995.20470869
     0.00000000
     0.00000000     6.33333333   995.20470869
     0.00000000
     1.00000000     6.33333333   995.20470869
     0.00000000
     2.00000000     6.33333333   995.20470869
     0.00000000
     3.00000000     6.33333333   995.20470869
     0.00000000
     4.00000000     6.33333333   995.20470869
     0.00000000
     5.00000000     6.33333333   995.20470869
     0.00000000
     6.00000000     6.33333333   995.20470869
     0.00000000
     7.00000000     6.33333333   995.20470869
     0.00000000
     8.00000000     6.33333333   995.20470869
     0.00000000
     9.00000000     6.33333333   995.20470869
     0.00000000
    10.00000000     6.33333333   995.20470869
     0.00000000
    11.00000000     6.33333333   995.20470869
     0.00000000
    12.00000000     6.33333333   995.20470869
     0.00000000
    13.00000000     6.33333333   995.20470869
     0.00000000
    14.00000000     6.33333333   995.20470869
     0.00000000
    15.00000000     6.33333333   995.20470869
     0.00000000
    16.00000000     6.33333333   995.20470869
     0.00000000
    17.00000000     6.33333333   995.20470869
     0.00000000
    18.00000000     6.33333333   995.20470869
     0.00000000
    19.00000000     6.33333333   995.20470869
     0.00000000
    20.00000000     6.33333333   995.20470869
     0.00000000
    21.00000000     6.33333333   995.20470869
     0.00000000
    22.00000000     6.33333333   995.20470869
     0.00000000
    23.00000000     6.33333333   995.20470869
     0.00000000
    24.00000000     6.33333333   995.20470869
     0.00000000
    25.00000000     6.33333333   995.20470869
     0.00000000
    26.00000000     6.33333333   995.20470869
     0.00000000
    27.00000000     6.33333333   995.20470869
     0.00000000
    28.00000000     6.33333333   995.20470869
     0.00000000
    29.00000000     6.33333333   995.20470869
     0.00000000
    30.00000000     6.33333333   995.20470869
     0.00000000
     0.00000000     6.66666667   995.20470869
     0.00000000
     1.00000000     6.66666667   995.20470869
     0.00000000
     2.00000000     6.66666667   995.20470869
     0.00000000
     3.00000000     6.66666667   995.20470869
     0.00000000
     4.00000000     6.66666667   995.20470869
     0.00000000
     5.00000000     6.66666667   995.20470869
     0.00000000
     6.00000000     6.66666667   995.20470869
     0.00000000
     7.00000000     6.66666667   995.20470869
     0.00000000
     8.00000000     6.66666667   995.20470869
     0.00000000
     9.00000000     6.66666667   995.20470869
     0.00000000
    10.00000000     6.66666667   995.20470869
     0.00000000
    11.00000000     6.66666667   995.20470869
     0.00000000
    12.00000000     6.66666667   995.20470869
     0.00000000
    13.00000000     6.66666667   995.20470869
     0.00000000
    14.00000000     6.66666667   995.20470869
     0.00000000
    15.00000000     6.66666667   995.20470869
     0.00000000
    16.00000000     6.66666667   995.20470869
     0.00000000
    17.00000000     6.66666667   995.20470869
     0.00000000
    18.00000000     6.66666667   995.20470869
     0.00000000
    19.00000000     6.66666667   995.20470869
     0.00000000
    20.00000000     6.66666667   995.20470869
     0.00000000
    21.00000000     6.66666667   995.20470869
     0.00000000
    22.00000000     6.66666667   995.20470869
     0.00000000
    23.00000000     6.66666667   995.20470869
     0.00000000
    24.00000000     6.66666667   995.20470869
     0.00000000
    25.00000000     6.66666667   995.20470869
     0.00000000
    26.00000000     6.66666667   995.20470869
     0.00000000
    27.00000000     6.66666667   995.20470869
     0.00000000
    28.00000000     6.66666667   995.20470869
     0.00000000
    29.00000000     6.66666667   995.20470869
     0.00000000
    30.00000000     6.66666667   995.20470869
     0.00000000
     0.00000000     7.00000000   995.20470869
     0.00000000
     1.00000000     7.00000000   995.20470869
     0.00000000
     2.00000000     7.00000000   995.20470869
     0.00000000
     3.00000000     7.00000000   995.20470869
     0.00000000
     4.00000000     7.00000000   995.20470869
     0.00000000
     5.00000000     7.00000000   995.20470869
     0.00000000
     6.00000000     7.00000000   995.20470869
     0.00000000
     7.00000000     7.00000000   995.20470869
     0.00000000
     8.00000000     7.00000000   995.20470869
     0.00000000
     9.00000000     7.00000000   995.20470869
     0.00000000
    10.00000000     7.00000000   995.20470869
     0.00000000
    11.00000000     7.00000000   995.20470869
     0.00000000
    12.00000000     7.00000000   995.20470869
     0.00000000
    13.00000000     7.00000000   995.20470869
     0.00000000
    14.00000000     7.00000000   995.20470869
     0.00000000
    15.00000000     7.00000000   995.20470869
     0.00000000
    16.00000000     7.00000000   995.20470869
     0.00000000
    17.00000000     7.00000000   995.20470869
     0.00000000
    18.00000000     7.00000000   995.20470869
     0.00000000
    19.00000000     7.00000000   995.20470869
     0.00000000
    20.00000000     7.00000000   995.20470869
     0.00000000
    21.00000000     7.00000000   995.20470869
     0.00000000
    22.00000000     7.00000000   995.20470869
     0.00000000
    23.00000000     7.00000000   995.20470869
     0.00000000
    24.00000000     7.00000000   995.20470869
     0.00000000
    25.00000000     7.00000000   995.20470869
     0.00000000
    26.00000000     7.00000000   995.20470869
     0.00000000
    27.00000000     7.00000000   995.20470869
     0.00000000
    28.00000000     7.00000000   995.20470869
     0.00000000
    29.00000000     7.00000000   995.20470869
     0.00000000
    30.00000000     7.00000000   995.20470869
     0.00000000
     0.00000000     7.33333333   995.20470869
     0.00000000
     1.00000000     7.33333333   995.20470869
     0.00000000
     2.00000000     7.33333333   995.20470869
     0.00000000
     3.00000000     7.33333333   995.20470869
     0.00000000
     4.00000000     7.33333333   995.20470869
     0.00000000
     5.00000000     7.33333333   995.20470869
     0.00000000
     6.00000000     7.33333333   995.20470869
     0.00000000
     7.00000000     7.33333333   995.20470869
     0.00000000
     8.00000000     7.33333333   995.20470869
     0.00000000
     9.00000000     7.33333333   995.20470869
     0.00000000
    10.00000000     7.33333333   995.20470869
     0.00000000
    11.00000000     7.33333333   995.20470869
     0.00000000
    12.00000000     7.33333333   995.20470869
     0.00000000
    13.00000000     7.33333333   995.20470869
     0.00000000
    14.00000000     7.33333333   995.20470869
     0.00000000
    15.00000000     7.33333333   995.20470869
     0.00000000
    16.00000000     7.33333333   995.20470869
     0.00000000
    17.00000000     7.33333333   995.20470869
     0.00000000
    18.00000000     7.33333333   995.20470869
     0.00000000
    19.00000000     7.33333333   995.20470869
     0.00000000
    20.00000000     7.33333333   995.20470869
     0.00000000
    21.00000000     7.33333333   995.20470869
     0.00000000
    22.00000000     7.33333333   995.20470869
     0.00000000
    23.00000000     7.33333333   995.20470869
     0.00000000
    24.00000000     7.33333333   995.20470869
     0.00000000
    25.00000000     7.33333333   995.20470869
     0.00000000
    26.00000000     7.33333333   995.20470869
     0.00000000
    27.00000000     7.33333333   995.20470869
     0.00000000
    28.00000000     7.33333333   995.20470869
     0.00000000
    29.00000000     7.33333333   995.20470869
     0.00000000
    30.00000000     7.33333333   995.20470869
     0.00000000
     0.00000000     7.66666667   995.20470869
     0.00000000
     1.00000000     7.66666667   995.20470869
     0.00000000
     2.00000000     7.66666667   995.20470869
     0.00000000
     3.00000000     7.66666667   995.20470869
     0.00000000
     4.00000000     7.66666667   995.20470869
     0.00000000
     5.00000000     7.66666667   995.20470869
     0.00000000
     6.00000000     7.66666667   995.20470869
     0.00000000
     7.00000000     7.66666667   995.20470869
     0.00000000
     8.00000000     7.66666667   995.20470869
     0.00000000
     9.00000000     7.66666667   995.20470869
     0.00000000
    10.00000000     7.66666667   995.20470869
     0.00000000
    11.00000000     7.66666667   995.20470869
     0.00000000
    12.00000000     7.66666667   995.20470869
     0.00000000
    13.00000000     7.66666667   995.20470869
     0.00000000
    14.00000000     7.66666667   995.20470869
     0.00000000
    15.00000000     7.66666667   995.20470869
     0.00000000
    16.00000000     7.66666667   995.20470869
     0.00000000
    17.00000000     7.66666667   995.20470869
     0.00000000
    18.00000000     7.66666667   995.20470869
     0.00000000
    19.00000000     7.66666667   995.20470869
     0.00000000
    20.00000000     7.66666667   995.20470869
     0.00000000
    21.00000000     7.66666667   995.20470869
     0.00000000
    22.00000000     7.66666667   995.20470869
     0.00000000
    23.00000000     7.66666667   995.20470869
     0.00000000
    24.00000000     7.66666667   995.20470869
     0.00000000
    25.00000000     7.66666667   995.20470869
     0.00000000
    26.00000000     7.66666667   995.20470869
     0.00000000
    27.00000000     7.66666667   995.20470869
     0.00000000
    28.00000000     7.66666667   995.20470869
     0.00000000
    29.00000000     7.66666667   995.20470869
     0.00000000
    30.00000000     7.66666667   995.20470869
     0.00000000
     0.00000000     8.00000000   995.20470869
     0.00000000
     1.00000000     8.00000000   995.20470869
     0.00000000
     2.00000000     8.00000000   995.20470869
     0.00000000
     3.00000000     8.00000000   995.20470869
     0.00000000
     4.00000000     8.00000000   995.20470869
     0.00000000
     5.00000000     8.00000000   995.20470869
     0.00000000
     6.00000000     8.00000000   995.20470869
     0.00000000
     7.00000000     8.00000000   995.20470869
     0.00000000
     8.00000000     8.00000000   995.20470869
     0.00000000
     9.00000000     8.00000000   995.20470869
     0.00000000
    10.00000000     8.00000000   995.20470869
     0.00000000
    11.00000000     8.00000000   995.20470869
     0.00000000
    12.00000000     8.00000000   995.20470869
     0.00000000
    13.00000000     8.00000000   995.20470869
     0.00000000
    14.00000000     8.00000000   995.20470869
     0.00000000
    15.00000000     8.00000000   995.20470869
     0.00000000
    16.00000000     8.00000000   995.20470869
     0.00000000
    17.00000000     8.00000000   995.20470869
     0.00000000
    18.00000000     8.00000000   995.20470869
     0.00000000
    19.00000000     8.00000000   995.20470869
     0.00000000
    20.00000000     8.00000000   995.20470869
     0.00000000
    21.00000000     8.00000000   995.20470869
     0.00000000
    22.00000000     8.00000000   995.20470869
     0.00000000
    23.00000000     8.00000000   995.20470869
     0.00000000
    24.00000000     8.00000000   995.20470869
     0.00000000
    25.00000000     8.00000000   995.20470869
     0.00000000
    26.00000000     8.00000000   995.20470869
     0.00000000
    27.00000000     8.00000000   995.20470869
     0.00000000
    28.00000000     8.00000000   995.20470869
     0.00000000
    29.00000000     8.00000000   995.20470869
     0.00000000
    30.00000000     8.00000000   995.20470869
     0.00000000
     0.00000000     8.33333333   995.20470869
     0.00000000
     1.00000000     8.33333333   995.20470869
     0.00000000
     2.00000000     8.33333333   995.20470869
     0.00000000
     3.00000000     8.33333333   995.20470869
     0.00000000
     4.00000000     8.33333333   995.20470869
     0.00000000
     5.00000000     8.33333333   995.20470869
     0.00000000
     6.00000000     8.33333333   995.20470869
     0.00000000
     7.00000000     8.33333333   995.20470869
     0.00000000
     8.00000000     8.33333333   995.20470869
     0.00000000
     9.00000000     8.33333333   995.20470869
     0.00000000
    10.00000000     8.33333333   995.20470869
     0.00000000
    11.00000000     8.33333333   995.20470869
     0.00000000
    12.00000000     8.33333333   995.20470869
     0.00000000
    13.00000000     8.33333333   995.20470869
     0.00000000
    14.00000000     8.33333333   995.20470869
     0.00000000
    15.00000000     8.33333333   995.20470869
     0.00000000
    16.00000000     8.33333333   995.20470869
     0.00000000
    17.00000000     8.33333333   995.20470869
     0.00000000
    18.00000000     8.33333333   995.20470869
     0.00000000
    19.00000000     8.33333333   995.20470869
     0.00000000
    20.00000000     8.33333333   995.20470869
     0.00000000
    21.00000000     8.33333333   995.20470869
     0.00000000
    22.00000000     8.33333333   995.20470869
     0.00000000
    23.00000000     8.33333333   995.20470869
     0.00000000
    24.00000000     8.33333333   995.20470869
     0.00000000
    25.00000000     8.33333333   995.20470869
     0.00000000
    26.00000000     8.33333333   995.20470869
     0.00000000
    27.00000000     8.33333333   995.20470869
     0.00000000
    28.00000000     8.33333333   995.20470869
     0.00000000
    29.00000000     8.33333333   995.20470869
     0.00000000
    30.00000000     8.33333333   995.20470869
     0.00000000
     0.00000000     8.66666667   995.20470869
     0.00000000
     1.00000000     8.66666667   995.20470869
     0.00000000
     2.00000000     8.66666667   995.20470869
     0.00000000
     3.00000000     8.66666667   995.20470869
     0.00000000
     4.00000000     8.66666667   995.20470869
     0.00000000
     5.00000000     8.66666667   995.20470869
     0.00000000
     6.00000000     8.66666667   995.20470869
     0.00000000
     7.00000000     8.66666667   995.20470869
     0.00000000
     8.00000000     8.66666667   995.20470869
     0.00000000
     9.00000000     8.66666667   995.20470869
     0.00000000
    10.00000000     8.66666667   995.20470869
     0.00000000
    11.00000000     8.66666667   995.20470869
     0.00000000
    12.00000000     8.66666667   995.20470869
     0.00000000
    13.00000000     8.66666667   995.20470869
     0.00000000
    14.00000000     8.66666667   995.20470869
     0.00000000
    15.00000000     8.66666667   995.20470869
     0.00000000
    16.00000000     8.66666667   995.20470869
     0.00000000
    17.00000000     8.66666667   995.20470869
     0.00000000
    18.00000000     8.66666667   995.20470869
     0.00000000
    19.00000000     8.66666667   995.20470869
     0.00000000
    20.00000000     8.66666667   995.20470869
     0.00000000
    21.00000000     8.66666667   995.20470869
     0.00000000
    22.00000000     8.66666667   995.20470869
     0.00000000
    23.00000000     8.66666667   995.20470869
     0.00000000
    24.00000000     8.66666667   995.20470869
     0.00000000
    25.00000000     8.66666667   995.20470869
     0.00000000
    26.00000000     8.66666667   995.20470869
     0.00000000
    27.00000000     8.66666667   995.20470869
     0.00000000
    28.00000000     8.66666667   995.20470869
     0.00000000
    29.00000000     8.66666667   995.20470869
     0.00000000
    30.00000000     8.66666667   995.20470869
     0.00000000
     0.00000000     9.00000000   995.20470869
     0.00000000
     1.00000000     9.00000000   995.20470869
     0.00000000
     2.00000000     9.00000000   995.20470869
     0.00000000
     3.00000000     9.00000000   995.20470869
     0.00000000
     4.00000000     9.00000000   995.20470869
     0.00000000
     5.00000000     9.00000000   995.20470869
     0.00000000
     6.00000000     9.00000000   995.20470869
     0.00000000
     7.00000000     9.00000000   995.20470869
     0.00000000
     8.00000000     9.00000000   995.20470869
     0.00000000
     9.00000000     9.00000000   995.20470869
     0.00000000
    10.00000000     9.00000000   995.20470869
     0.00000000
    11.00000000     9.00000000   995.20470869
     0.00000000
    12.00000000     9.00000000   995.20470869
     0.00000000
    13.00000000     9.00000000   995.20470869
     0.00000000
    14.00000000     9.00000000   995.20470869
     0.00000000
    15.00000000     9.00000000   995.20470869
     0.00000000
    16.00000000     9.00000000   995.20470869
     0.00000000
    17.00000000     9.00000000   995.20470869
     0.00000000
    18.00000000     9.00000000   995.20470869
     0.00000000
    19.00000000     9.00000000   995.20470869
     0.00000000
    20.00000000     9.00000000   995.20470869
     0.00000000
    21.00000000     9.00000000   995.20470869
     0.00000000
    22.00000000     9.00000000   995.20470869
     0.00000000
    23.00000000     9.00000000   995.20470869
     0.00000000
    24.00000000     9.00000000   995.20470869
     0.00000000
    25.00000000     9.00000000   995.20470869
     0.00000000
    26.00000000     9.00000000   995.20470869
     0.00000000
    27.00000000     9.00000000   995.20470869
     0.00000000
    28.00000000     9.00000000   995.20470869
     0.00000000
    29.00000000     9.00000000   995.20470869
     0.00000000
    30.00000000     9.00000000   995.20470869
     0.00000000
     0.00000000     9.33333333   995.20470869
     0.00000000
     1.00000000     9.33333333   995.20470869
     0.00000000
     2.00000000     9.33333333   995.20470869
     0.00000000
     3.00000000     9.33333333   995.20470869
     0.00000000
     4.00000000     9.33333333   995.20470869
     0.00000000
     5.00000000     9.33333333   995.20470869
     0.00000000
     6.00000000     9.33333333   995.20470869
     0.00000000
     7.00000000     9.33333333   995.20470869
     0.00000000
     8.00000000     9.33333333   995.20470869
     0.00000000
     9.00000000     9.33333333   995.20470869
     0.00000000
    10.00000000     9.33333333   995.20470869
     0.00000000
    11.00000000     9.33333333   995.20470869
     0.00000000
    12.00000000     9.33333333   995.20470869
     0.00000000
    13.00000000     9.33333333   995.20470869
     0.00000000
    14.00000000     9.33333333   995.20470869
     0.00000000
    15.00000000     9.33333333   995.20470869
     0.00000000
    16.00000000     9.33333333   995.20470869
     0.00000000
    17.00000000     9.33333333   995.20470869
     0.00000000
    18.00000000     9.33333333   995.20470869
     0.00000000
    19.00000000     9.33333333   995.20470869
     0.00000000
    20.00000000     9.33333333   995.20470869
     0.00000000
    21.00000000     9.33333333   995.20470869
     0.00000000
    22.00000000     9.33333333   995.20470869
     0.00000000
    23.00000000     9.33333333   995.20470869
     0.00000000
    24.00000000     9.33333333   995.20470869
     0.00000000
    25.00000000     9.33333333   995.20470869
     0.00000000
    26.00000000     9.33333333   995.20470869
     0.00000000
    27.00000000     9.33333333   995.20470869
     0.00000000
    28.00000000     9.33333333   995.20470869
     0.00000000
    29.00000000     9.33333333   995.20470869
     0.00000000
    30.00000000     9.33333333   995.20470869
     0.00000000
     0.00000000     9.66666667   995.20470869
     0.00000000
     1.00000000     9.66666667   995.20470869
     0.00000000
     2.00000000     9.66666667   995.20470869
     0.00000000
     3.00000000     9.66666667   995.20470869
     0.00000000
     4.00000000     9.66666667   995.20470869
     0.00000000
     5.00000000     9.66666667   995.20470869
     0.00000000
     6.00000000     9.66666667   995.20470869
     0.00000000
     7.00000000     9.66666667   995.20470869
     0.00000000
     8.00000000     9.66666667   995.20470869
     0.00000000
     9.00000000     9.66666667   995.20470869
     0.00000000
    10.00000000     9.66666667   995.20470869
     0.00000000
    11.00000000     9.66666667   995.20470869
     0.00000000
    12.00000000     9.66666667   995.20470869
     0.00000000
    13.00000000     9.66666667   995.20470869
     0.00000000
    14.00000000     9.66666667   995.20470869
     0.00000000
    15.00000000     9.66666667   995.20470869
     0.00000000
    16.00000000     9.66666667   995.20470869
     0.00000000
    17.00000000     9.66666667   995.20470869
     0.00000000
    18.00000000     9.66666667   995.20470869
     0.00000000
    19.00000000     9.66666667   995.20470869
     0.00000000
    20.00000000     9.66666667   995.20470869
     0.00000000
    21.00000000     9.66666667   995.20470869
     0.00000000
    22.00000000     9.66666667   995.20470869
     0.00000000
    23.00000000     9.66666667   995.20470869
     0.00000000
    24.00000000     9.66666667   995.20470869
     0.00000000
    25.00000000     9.66666667   995.20470869
     0.00000000
    26.00000000     9.66666667   995.20470869
     0.00000000
    27.00000000     9.66666667   995.20470869
     0.00000000
    28.00000000     9.66666667   995.20470869
     0.00000000
    29.00000000     9.66666667   995.20470869
     0.00000000
    30.00000000     9.66666667   995.20470869
     0.00000000
     0.00000000    10.00000000   995.20470869
     0.00000000
     1.00000000    10.00000000   995.20470869
     0.00000000
     2.00000000    10.00000000   995.20470869
     0.00000000
     3.00000000    10.00000000   995.20470869
     0.00000000
     4.00000000    10.00000000   995.20470869
     0.00000000
     5.00000000    10.00000000   995.20470869
     0.00000000
     6.00000000    10.00000000   995.20470869
     0.00000000
     7.00000000    10.00000000   995.20470869
     0.00000000
     8.00000000    10.00000000   995.20470869
     0.00000000
     9.00000000    10.00000000   995.20470869
     0.00000000
    10.00000000    10.00000000   995.20470869
     0.00000000
    11.00000000    10.00000000   995.20470869
     0.00000000
    12.00000000    10.00000000   995.20470869
     0.00000000
    13.00000000    10.00000000   995.20470869
     0.00000000
    14.00000000    10.00000000   995.20470869
     0.00000000
    15.00000000    10.00000000   995.20470869
     0.00000000
    16.00000000    10.00000000   995.20470869
     0.00000000
    17.00000000    10.00000000   995.20470869
     0.00000000
    18.00000000    10.00000000   995.20470869
     0.00000000
    19.00000000    10.00000000   995.20470869
     0.00000000
    20.00000000    10.00000000   995.20470869
     0.00000000
    21.00000000    10.00000000   995.20470869
     0.00000000
    22.00000000    10.00000000   995.20470869
     0.00000000
    23.00000000    10.00000000   995.20470869
     0.00000000
    24.00000000    10.00000000   995.20470869
     0.00000000
    25.00000000    10.00000000   995.20470869
     0.00000000
    26.00000000    10.00000000   995.20470869
     0.00000000
    27.00000000    10.00000000   995.20470869
     0.00000000
    28.00000000    10.00000000   995.20470869
     0.00000000
    29.00000000    10.00000000   995.20470869
     0.00000000
    30.00000000    10.00000000   995.20470869
     0.00000000
