     0.000000     0.000000     0.000000     0.000000   100944.360   293.000000
     1.000000     0.000000     0.000000     0.000000   100983.129   293.218798
     2.000000     0.000000     0.000000     0.000000   101004.366   293.444779
     3.000000     0.000000     0.000000     0.000000   101018.009   293.681328
     4.000000     0.000000     0.000000     0.000000   101021.200   293.923362
     5.000000     0.000000     0.000000     0.000000   101023.729   294.171123
     6.000000     0.000000     0.000000     0.000000   101033.808   294.427941
     7.000000     0.000000     0.000000     0.000000   101059.721   294.710566
     8.000000     0.000000     0.000000     0.000000   101172.391   295.020379
     9.000000     0.000000     0.000000     0.000000   101630.074   295.717352
    10.000000     0.000000     0.000000     0.000000   103578.804   298.241255
    11.000000     0.000000     0.000000     0.000000   111995.818   308.044877
    12.000000     0.000000     0.000000     0.000000   152785.775   346.484425
    13.000000     0.000000     0.000000     0.000000   248102.012   411.158548
    14.000000     0.000000     0.000000     0.000000   375231.807   467.928013
    15.000000     0.000000     0.000000     0.000000   443549.279   490.840195
    16.000000     0.000000     0.000000     0.000000   460370.640   495.969891
    17.000000     0.000000     0.000000     0.000000   463784.061   497.027810
    18.000000     0.000000     0.000000     0.000000   464370.558   497.245566
    19.000000     0.000000     0.000000     0.000000   464186.514   497.244111
    20.000000     0.000000     0.000000     0.000000   463581.897   497.120775
    21.000000     0.000000     0.000000     0.000000   462845.902   496.958871
    22.000000     0.000000     0.000000     0.000000   462147.728   496.810481
    23.000000     0.000000     0.000000     0.000000   461719.959   496.743348
    24.000000     0.000000     0.000000     0.000000   461282.710   496.675621
    25.000000     0.000000     0.000000     0.000000   461263.228   496.744310
    26.000000     0.000000     0.000000     0.000000   461481.941   496.868365
    27.000000     0.000000     0.000000     0.000000   461878.595   497.047498
    28.000000     0.000000     0.000000     0.000000   462363.790   497.254040
    29.000000     0.000000     0.000000     0.000000   462866.218   497.465765
    30.000000     0.000000     0.000000     0.000000   463368.646   497.677490
     0.000000     0.060792   995.204709     0.000000   100944.360   293.000000
     1.000000     0.060792   994.966626     0.057665   100983.129   293.218798
     2.000000     0.060792   994.712427     0.098956   101004.366   293.444779
     3.000000     0.060792   994.433701     0.116441   101018.009   293.681328
     4.000000     0.060792   994.141513     0.133083   101021.200   293.923362
     5.000000     0.060792   993.835755     0.131642   101023.729   294.171123
     6.000000     0.060792   993.522772     0.129103   101033.808   294.427941
     7.000000     0.060792   993.143287     0.102438   101059.721   294.710566
     8.000000     0.060792   992.802603     0.040751   101172.391   295.020379
     9.000000     0.060792   991.962064    -0.107038   101630.074   295.717352
    10.000000     0.060792   988.594645    -0.580205   103578.804   298.241255
    11.000000     0.060792   975.043876    -2.475631   111995.818   308.044877
    12.000000     0.060792   921.834477    -9.528784   152785.775   346.484425
    13.000000     0.060792   836.487937   -12.894652   248102.012   411.158548
    14.000000     0.060792   760.626513    -7.518520   375231.807   467.928013
    15.000000     0.060792   729.454295    -2.469557   443549.279   490.840195
    16.000000     0.060792   722.406182    -0.580175   460370.640   495.969891
    17.000000     0.060792   721.081854    -0.112029   463784.061   497.027810
    18.000000     0.060792   720.687596    -0.009993   464370.558   497.245566
    19.000000     0.060792   720.675949     0.025256   464186.514   497.244111
    20.000000     0.060792   720.779765     0.056925   463581.897   497.120775
    21.000000     0.060792   720.924795     0.056890   462845.902   496.958871
    22.000000     0.060792   721.040809     0.047313   462147.728   496.810481
    23.000000     0.060792   721.069721     0.038799   461719.959   496.743348
    24.000000     0.060792   721.103430     0.034984   461282.710   496.675621
    25.000000     0.060792   720.922624     0.016386   461263.228   496.744310
    26.000000     0.060792   720.760143    -0.000222   461481.941   496.868365
    27.000000     0.060792   720.516803    -0.009786   461878.595   497.047498
    28.000000     0.060792   720.230421    -0.012243   462363.790   497.254040
    29.000000     0.060792   719.933902    -0.011337   462866.218   497.465765
    30.000000     0.060792   719.637384    -0.010431   463368.645   497.677490
     0.000000     0.127664   995.204709     0.000000   100944.360   293.000000
     1.000000     0.127664   995.127174     0.065822   100974.175   293.024917
     2.000000     0.127664   995.063239     0.114779   100994.586   293.042340
     3.000000     0.127664   995.002181     0.136505   101008.439   293.054785
     4.000000     0.127664   994.955733     0.157193   101011.596   293.058966
     5.000000     0.127664   994.906086     0.156163   101015.276   293.064121
     6.000000     0.127664   994.841053     0.149758   101024.741   293.074561
     7.000000     0.127664   994.774893     0.115181   101053.965   293.102155
     8.000000     0.127664   994.634113     0.023392   101168.130   293.197929
     9.000000     0.127664   994.193329    -0.294605   101641.977   293.591517
    10.000000     0.127664   992.517559    -1.382414   103608.198   295.203031
    11.000000     0.127664   985.578188    -5.739828   112101.168   301.789880
    12.000000     0.127664   954.573924   -20.785537   152376.052   330.139910
    13.000000     0.127664   897.365009   -26.033415   244890.861   380.635927
    14.000000     0.127664   839.781267   -14.919219   371547.222   432.392107
    15.000000     0.127664   811.743816    -4.847215   442015.660   455.572711
    16.000000     0.127664   805.117450    -1.132854   459935.631   460.884278
    17.000000     0.127664   803.773526    -0.220039   463682.840   461.971909
    18.000000     0.127664   803.482388    -0.021723   464346.421   462.166146
    19.000000     0.127664   803.512978     0.051116   464177.814   462.135914
    20.000000     0.127664   803.669645     0.108645   463582.247   462.004435
    21.000000     0.127664   803.867610     0.106251   462852.348   461.840873
    22.000000     0.127664   804.052303     0.086536   462153.942   461.686941
    23.000000     0.127664   804.152421     0.070574   461723.164   461.597595
    24.000000     0.127664   804.254568     0.057966   461282.867   461.506315
    25.000000     0.127664   804.205125     0.022808   461265.829   461.528191
    26.000000     0.127664   804.109474    -0.007787   461478.777   461.593094
    27.000000     0.127664   803.947199    -0.025558   461870.297   461.708933
    28.000000     0.127664   803.751557    -0.029799   462352.866   461.850812
    29.000000     0.127664   803.547649    -0.027777   462854.825   461.998471
    30.000000     0.127664   803.343740    -0.025755   463356.783   462.146130
     0.000000     0.201223   995.204709     0.000000   100944.360   293.000000
     1.000000     0.201223   995.183734     0.056979   100969.452   293.020818
     2.000000     0.201223   995.165400     0.108481   100991.228   293.038892
     3.000000     0.201223   995.152760     0.134024   101006.220   293.051350
     4.000000     0.201223   995.149101     0.157217   101010.306   293.054779
     5.000000     0.201223   995.145033     0.155978   101014.836   293.058592
     6.000000     0.201223   995.134886     0.142818   101026.571   293.068392
     7.000000     0.201223   995.105346     0.092009   101061.483   293.097414
     8.000000     0.201223   994.994738    -0.071923   101193.439   293.206783
     9.000000     0.201223   994.559219    -0.635953   101714.567   293.636842
    10.000000     0.201223   992.769727    -2.753313   103872.956   295.393163
    11.000000     0.201223   985.295101   -11.157864   113161.219   302.434051
    12.000000     0.201223   953.964116   -38.352466   155021.191   331.326165
    13.000000     0.201223   899.934089   -46.517243   245532.402   379.559606
    14.000000     0.201223   846.489611   -25.736217   367805.988   428.852275
    15.000000     0.201223   818.120392    -8.241998   440220.146   452.746497
    16.000000     0.201223   811.203211    -1.909365   459293.647   458.383283
    17.000000     0.201223   809.702134    -0.379917   463525.513   459.601153
    18.000000     0.201223   809.418733    -0.046233   464309.768   459.825332
    19.000000     0.201223   809.468112     0.064569   464159.402   459.784890
    20.000000     0.201223   809.669550     0.166766   463568.841   459.620426
    21.000000     0.201223   809.915979     0.162275   462848.658   459.419252
    22.000000     0.201223   810.153601     0.126796   462160.403   459.226935
    23.000000     0.201223   810.301175     0.101857   461726.851   459.106367
    24.000000     0.201223   810.451913     0.076005   461287.077   458.984261
    25.000000     0.201223   810.447472     0.023544   461279.003   458.983723
    26.000000     0.201223   810.370077    -0.030624   461492.557   459.046222
    27.000000     0.201223   810.230243    -0.060679   461882.255   459.158987
    28.000000     0.201223   810.058315    -0.068501   462362.903   459.297669
    29.000000     0.201223   809.878716    -0.064798   462862.926   459.441843
    30.000000     0.201223   809.699117    -0.061096   463362.950   459.586017
     0.000000     0.282138   995.204709     0.000000   100944.360   293.000000
     1.000000     0.282138   995.187569     0.046566   100964.825   293.016971
     2.000000     0.282138   995.168770     0.098719   100987.274   293.035585
     3.000000     0.282138   995.154979     0.128872   101003.740   293.049235
     4.000000     0.282138   995.150449     0.154910   101009.142   293.053714
     5.000000     0.282138   995.145190     0.152391   101015.416   293.058915
     6.000000     0.282138   995.134273     0.135591   101028.450   293.069718
     7.000000     0.282138   995.101383     0.071191   101067.746   293.102281
     8.000000     0.282138   994.979614    -0.152915   101213.292   293.222773
     9.000000     0.282138   994.500248    -0.965367   101786.874   293.695850
    10.000000     0.282138   992.528633    -4.108627   104157.236   295.621584
    11.000000     0.282138   984.260092   -16.419123   114275.915   303.256856
    12.000000     0.282138   951.385924   -54.535571   156830.612   332.966427
    13.000000     0.282138   899.685687   -66.129857   243137.690   379.147467
    14.000000     0.282138   849.063443   -37.468823   360021.176   426.578229
    15.000000     0.282138   819.007158   -12.145304   436710.872   452.315639
    16.000000     0.282138   811.232939    -2.861661   458151.744   458.695624
    17.000000     0.282138   809.422463    -0.590288   463248.517   460.161477
    18.000000     0.282138   809.069617    -0.079436   464242.470   460.444865
    19.000000     0.282138   809.110882     0.079717   464125.349   460.411089
    20.000000     0.282138   809.311362     0.221907   463559.059   460.248665
    21.000000     0.282138   809.561338     0.216102   462853.856   460.046262
    22.000000     0.282138   809.804361     0.167397   462174.514   459.851100
    23.000000     0.282138   809.959898     0.133492   461735.463   459.724765
    24.000000     0.282138   810.115391     0.093047   461296.094   459.598131
    25.000000     0.282138   810.114734     0.024741   461295.332   459.597411
    26.000000     0.282138   810.041249    -0.051149   461501.968   459.656539
    27.000000     0.282138   809.905775    -0.092941   461885.034   459.766182
    28.000000     0.282138   809.737491    -0.104566   462361.548   459.902518
    29.000000     0.282138   809.560876    -0.099557   462859.277   460.044855
    30.000000     0.282138   809.384261    -0.094548   463357.005   460.187192
     0.000000     0.371144   995.204709     0.000000   100944.360   293.000000
     1.000000     0.371144   995.191175     0.036745   100960.521   293.013401
     2.000000     0.371144   995.172984     0.086621   100982.247   293.031416
     3.000000     0.371144   995.157751     0.122311   101000.437   293.046497
     4.000000     0.371144   995.151739     0.151440   101007.616   293.052449
     5.000000     0.371144   995.145038     0.148638   101015.623   293.059085
     6.000000     0.371144   995.131761     0.125658   101031.489   293.072236
     7.000000     0.371144   995.091480     0.037372   101079.633   293.112126
     8.000000     0.371144   994.944284    -0.279704   101255.576   293.257725
     9.000000     0.371144   994.372107    -1.455415   101939.895   293.821308
    10.000000     0.371144   992.033271    -6.057886   104745.206   296.088454
    11.000000     0.371144   982.300423   -23.709751   116502.745   304.851574
    12.000000     0.371144   947.369736   -73.836260   160869.005   335.866005
    13.000000     0.371144   899.475390   -87.225694   240585.242   378.491409
    14.000000     0.371144   852.920643   -51.255150   348780.485   422.915537
    15.000000     0.371144   820.400037   -17.006276   431192.989   451.055404
    16.000000     0.371144   811.178865    -4.118698   456390.090   458.630071
    17.000000     0.371144   808.870530    -0.886339   462812.341   460.481455
    18.000000     0.371144   808.397539    -0.129587   464136.004   460.858920
    19.000000     0.371144   808.418003     0.086981   464080.113   460.842790
    20.000000     0.371144   808.613236     0.286621   463534.167   460.686875
    21.000000     0.371144   808.855818     0.277955   462853.402   460.492277
    22.000000     0.371144   809.095504     0.212794   462192.437   460.303209
    23.000000     0.371144   809.253411     0.170002   461744.271   460.174778
    24.000000     0.371144   809.407983     0.111051   461310.960   460.050398
    25.000000     0.371144   809.405252     0.024135   461319.150   460.052317
    26.000000     0.371144   809.332103    -0.077040   461524.014   460.110867
    27.000000     0.371144   809.199202    -0.132228   461896.584   460.217404
    28.000000     0.371144   809.031429    -0.148369   462366.439   460.351721
    29.000000     0.371144   808.854138    -0.141432   462859.592   460.492644
    30.000000     0.371144   808.676847    -0.134495   463352.744   460.633567
     0.000000     0.469051   995.204709     0.000000   100944.360   293.000000
     1.000000     0.469051   995.194334     0.028117   100956.750   293.010274
     2.000000     0.469051   995.177900     0.072646   100976.375   293.026547
     3.000000     0.469051   995.161203     0.113714   100996.315   293.043079
     4.000000     0.469051   995.153340     0.146377   101005.706   293.050865
     5.000000     0.469051   995.144503     0.142407   101016.263   293.059616
     6.000000     0.469051   995.128143     0.112588   101035.814   293.075820
     7.000000     0.469051   995.078817    -0.003262   101094.765   293.124659
     8.000000     0.469051   994.898974    -0.429982   101309.670   293.302441
     9.000000     0.469051   994.199647    -2.039106   102145.114   293.989553
    10.000000     0.469051   991.338165    -8.364595   105562.113   296.737169
    11.000000     0.469051   979.535289   -31.799176   119538.102   307.092454
    12.000000     0.469051   942.582846   -92.300358   165152.997   339.301477
    13.000000     0.469051   898.908602  -107.802720   236927.218   377.481273
    14.000000     0.469051   856.849401   -67.445793   333985.245   417.798165
    15.000000     0.469051   822.191124   -23.340267   422891.964   448.727012
    16.000000     0.469051   810.936461    -5.830699   453722.935   458.158590
    17.000000     0.469051   807.958379    -1.300809   462111.755   460.591752
    18.000000     0.469051   807.302963    -0.204015   463962.643   461.120958
    19.000000     0.469051   807.288444     0.089145   464008.335   461.133732
    20.000000     0.469051   807.468973     0.351770   463503.722   460.989532
    21.000000     0.469051   807.698422     0.339200   462860.849   460.805651
    22.000000     0.469051   807.930619     0.260717   462218.998   460.622067
    23.000000     0.469051   808.094072     0.208464   461758.985   460.490264
    24.000000     0.469051   808.246909     0.130519   461333.237   460.368041
    25.000000     0.469051   808.241395     0.023295   461349.517   460.372292
    26.000000     0.469051   808.172167    -0.102025   461546.867   460.428808
    27.000000     0.469051   808.046885    -0.169543   461904.660   460.531347
    28.000000     0.469051   807.885203    -0.191786   462365.634   460.663418
    29.000000     0.469051   807.712819    -0.183603   462853.453   460.803122
    30.000000     0.469051   807.540436    -0.175420   463341.271   460.942826
     0.000000     0.576749   995.204709     0.000000   100944.360   293.000000
     1.000000     0.576749   995.196954     0.020936   100953.620   293.007679
     2.000000     0.576749   995.182980     0.058407   100970.308   293.021517
     3.000000     0.576749   995.165671     0.102149   100990.979   293.038656
     4.000000     0.576749   995.155295     0.138900   101003.371   293.048929
     5.000000     0.576749   995.143933     0.134091   101016.946   293.060182
     6.000000     0.576749   995.123021     0.094860   101041.936   293.080893
     7.000000     0.576749   995.058810    -0.062799   101118.672   293.144456
     8.000000     0.576749   994.824507    -0.651416   101398.586   293.375862
     9.000000     0.576749   993.918518    -2.890521   102479.749   294.262779
    10.000000     0.576749   990.229810   -11.655915   106863.931   297.757264
    11.000000     0.576749   975.390714   -42.538654   124083.032   310.411255
    12.000000     0.576749   936.107493  -112.273669   171581.765   343.707000
    13.000000     0.576749   898.094325  -127.288802   233060.820   376.196792
    14.000000     0.576749   861.324087   -86.341917   316079.935   411.166652
    15.000000     0.576749   827.015882   -31.800409   410359.652   444.989680
    16.000000     0.576749   812.605661    -8.223335   449668.742   457.343118
    17.000000     0.576749   808.566573    -1.930275   461042.359   460.675507
    18.000000     0.576749   807.628738    -0.329559   463692.843   461.437097
    19.000000     0.576749   807.550142     0.077475   463910.444   461.498668
    20.000000     0.576749   807.709589     0.424629   463457.700   461.368555
    21.000000     0.576749   807.918923     0.406987   462864.765   461.198040
    22.000000     0.576749   808.136508     0.314858   462251.364   461.021791
    23.000000     0.576749   808.304783     0.252586   461775.766   460.885071
    24.000000     0.576749   808.448806     0.152496   461364.220   460.766420
    25.000000     0.576749   808.438928     0.020513   461391.081   460.773694
    26.000000     0.576749   808.370130    -0.130442   461584.980   460.829502
    27.000000     0.576749   808.250573    -0.213109   461924.078   460.927226
    28.000000     0.576749   808.092375    -0.243538   462372.954   461.056505
    29.000000     0.576749   807.922670    -0.233446   462851.854   461.194333
    30.000000     0.576749   807.752965    -0.223354   463330.753   461.332161
     0.000000     0.695216   995.204709     0.000000   100944.360   293.000000
     1.000000     0.695216   995.199067     0.015118   100951.098   293.005588
     2.000000     0.695216   995.187808     0.045061   100964.543   293.016737
     3.000000     0.695216   995.171145     0.087283   100984.442   293.033236
     4.000000     0.695216   995.157738     0.128301   101000.454   293.046512
     5.000000     0.695216   995.143044     0.122042   101018.009   293.061063
     6.000000     0.695216   995.115459     0.069309   101050.975   293.088383
     7.000000     0.695216   995.029595    -0.146489   101153.577   293.173353
     8.000000     0.695216   994.715961    -0.958865   101528.103   293.482716
     9.000000     0.695216   993.501425    -4.060200   102975.029   294.665893
    10.000000     0.695216   988.572497   -16.046566   108793.112   299.250427
    11.000000     0.695216   969.548412   -55.205744   130440.186   315.129237
    12.000000     0.695216   928.480895  -131.386203   178188.156   348.054172
    13.000000     0.695216   897.270449  -144.977190   229034.823   374.751720
    14.000000     0.695216   868.580920  -107.153075   296586.518   403.725002
    15.000000     0.695216   834.285287   -43.581821   391669.105   439.199329
    16.000000     0.695216   814.847464   -11.849872   443730.811   456.099244
    17.000000     0.695216   809.198621    -2.896441   459374.342   460.724205
    18.000000     0.695216   807.806761    -0.537177   463255.934   461.841646
    19.000000     0.695216   807.629192     0.057661   463752.208   461.982717
    20.000000     0.695216   807.756921     0.488017   463391.331   461.878289
    21.000000     0.695216   807.940359     0.471865   462874.410   461.728832
    22.000000     0.695216   808.147528     0.374009   462293.599   461.561187
    23.000000     0.695216   808.324022     0.299848   461799.767   461.418789
    24.000000     0.695216   808.459797     0.174618   461410.076   461.305984
    25.000000     0.695216   808.446482     0.016342   461445.253   461.315819
    26.000000     0.695216   808.379559    -0.157008   461629.427   461.368789
    27.000000     0.695216   808.267193    -0.253574   461941.609   461.458625
    28.000000     0.695216   808.111690    -0.294544   462375.432   461.583307
    29.000000     0.695216   807.943467    -0.283315   462843.462   461.717690
    30.000000     0.695216   807.775245    -0.272086   463311.492   461.852073
     0.000000     0.825530   995.204709     0.000000   100944.360   293.000000
     1.000000     0.825530   995.200714     0.010533   100949.130   293.003956
     2.000000     0.825530   995.192101     0.032991   100959.416   293.012485
     3.000000     0.825530   995.177180     0.070359   100977.235   293.027261
     4.000000     0.825530   995.160780     0.113095   100996.823   293.043501
     5.000000     0.825530   995.141883     0.104993   101019.398   293.062214
     6.000000     0.825530   995.104248     0.031774   101064.374   293.099484
     7.000000     0.825530   994.984542    -0.273548   101207.394   293.217886
     8.000000     0.825530   994.546452    -1.428042   101730.234   293.649183
     9.000000     0.825530   992.850558    -5.829017   103746.223   295.289653
    10.000000     0.825530   986.033687   -22.400343   111717.285   301.436793
    11.000000     0.825530   961.705206   -71.152805   139160.936   321.410262
    12.000000     0.825530   919.648823  -146.830858   187259.060   353.477730
    13.000000     0.825530   896.894947  -160.553110   225143.823   373.220262
    14.000000     0.825530   875.299028  -128.670136   276765.653   395.911627
    15.000000     0.825530   842.762602   -61.095161   366936.849   430.845725
    16.000000     0.825530   817.132942   -17.374831   434808.448   453.712218
    17.000000     0.825530   809.193867    -4.409241   456718.470   460.287278
    18.000000     0.825530   807.115547    -0.891529   462542.363   461.971609
    19.000000     0.825530   806.767205     0.004568   463522.806   462.251287
    20.000000     0.825530   806.851982     0.535323   463292.528   462.184704
    21.000000     0.825530   807.004217     0.535002   462875.847   462.064577
    22.000000     0.825530   807.199943     0.441967   462341.346   461.910832
    23.000000     0.825530   807.383888     0.351561   461830.691   461.763941
    24.000000     0.825530   807.511720     0.197770   461471.941   461.660731
    25.000000     0.825530   807.495599     0.010365   461515.217   461.673096
    26.000000     0.825530   807.434235    -0.186407   461686.813   461.722429
    27.000000     0.825530   807.332989    -0.296894   461973.386   461.804823
    28.000000     0.825530   807.186983    -0.353686   462387.612   461.923755
    29.000000     0.825530   807.027140    -0.340721   462839.214   462.053304
    30.000000     0.825530   806.867297    -0.327756   463290.816   462.182853
     0.000000     0.968876   995.204709     0.000000   100944.360   293.000000
     1.000000     0.968876   995.201952     0.007027   100947.652   293.002730
     2.000000     0.968876   995.195603     0.022970   100955.234   293.009018
     3.000000     0.968876   995.182861     0.052817   100970.451   293.021636
     4.000000     0.968876   995.164562     0.092865   100992.306   293.039757
     5.000000     0.968876   995.140089     0.080125   101021.544   293.063993
     6.000000     0.968876   995.086707    -0.026532   101085.333   293.116847
     7.000000     0.968876   994.913956    -0.470565   101291.676   293.287585
     8.000000     0.968876   994.281441    -2.148664   102045.822   293.908482
     9.000000     0.968876   991.834317    -8.506818   104944.339   296.250917
    10.000000     0.968876   982.166026   -31.423156   116086.735   304.730795
    11.000000     0.968876   952.102066   -90.084947   150568.574   329.471456
    12.000000     0.968876   912.272285  -158.096461   196598.734   358.797395
    13.000000     0.968876   895.888828  -172.438231   222678.680   372.247203
    14.000000     0.968876   880.932320  -149.584821   258300.605   388.359269
    15.000000     0.968876   852.364085   -85.200396   335465.215   419.479863
    16.000000     0.968876   822.118093   -26.204765   420861.921   449.505592
    17.000000     0.968876   810.617672    -6.881162   452416.292   459.277406
    18.000000     0.968876   807.427801    -1.510436   461351.245   461.895510
    19.000000     0.968876   806.785603    -0.095196   463151.541   462.412947
    20.000000     0.968876   806.784401     0.550475   463159.451   462.414475
    21.000000     0.968876   806.883547     0.598963   462881.855   462.334193
    22.000000     0.968876   807.055998     0.513826   462398.187   462.194913
    23.000000     0.968876   807.241923     0.407843   461875.477   462.044760
    24.000000     0.968876   807.353963     0.220855   461556.160   461.952908
    25.000000     0.968876   807.336536     0.002290   461604.245   461.966774
    26.000000     0.968876   807.283890    -0.213539   461753.165   462.010277
    27.000000     0.968876   807.195015    -0.338942   462006.511   462.084303
    28.000000     0.968876   807.057351    -0.412168   462397.601   462.198146
    29.000000     0.968876   806.904681    -0.397792   462828.064   462.323277
    30.000000     0.968876   806.752011    -0.383416   463258.527   462.448409
     0.000000     1.126556   995.204709     0.000000   100944.360   293.000000
     1.000000     1.126556   995.202844     0.004426   100946.587   293.001847
     2.000000     1.126556   995.198265     0.014893   100952.055   293.006382
     3.000000     1.126556   995.187845     0.036020   100964.499   293.016701
     4.000000     1.126556   995.168186     0.066559   100987.980   293.036170
     5.000000     1.126556   995.136353     0.042891   101026.011   293.067694
     6.000000     1.126556   995.058214    -0.120018   101119.372   293.145037
     7.000000     1.126556   994.799534    -0.788061   101428.216   293.400389
     8.000000     1.126556   993.850977    -3.303903   102557.381   294.327248
     9.000000     1.126556   990.193253   -12.699304   106864.656   297.771547
    10.000000     1.126556   976.230551   -44.227492   122655.147   309.631467
    11.000000     1.126556   941.932568  -111.271256   165514.233   339.586935
    12.000000     1.126556   905.296289  -166.525694   204854.048   363.352276
    13.000000     1.126556   894.596112  -180.708811   221625.551   371.868914
    14.000000     1.126556   885.152097  -167.120773   243727.803   382.129705
    15.000000     1.126556   864.304026  -113.796337   302116.516   406.731102
    16.000000     1.126556   830.918784   -41.600370   397348.724   442.490075
    17.000000     1.126556   813.116025   -11.127194   445124.724   457.920536
    18.000000     1.126556   807.964388    -2.612861   459289.629   462.114571
    19.000000     1.126556   806.791851    -0.313486   462536.689   463.051478
    20.000000     1.126556   806.636556     0.523621   462980.102   463.175876
    21.000000     1.126556   806.681596     0.635582   462855.784   463.136690
    22.000000     1.126556   806.829934     0.594453   462441.898   463.014154
    23.000000     1.126556   807.009509     0.470834   461939.853   462.867543
    24.000000     1.126556   807.104428     0.244020   461668.571   462.787052
    25.000000     1.126556   807.087802    -0.007493   461713.766   462.800131
    26.000000     1.126556   807.043263    -0.238512   461834.107   462.835331
    27.000000     1.126556   806.961003    -0.380637   462057.954   462.900660
    28.000000     1.126556   806.828001    -0.477047   462420.472   463.006011
    29.000000     1.126556   806.680522    -0.459568   462819.671   463.121864
    30.000000     1.126556   806.533043    -0.442089   463218.870   463.237717
     0.000000     1.300004   995.204709     0.000000   100944.360   293.000000
     1.000000     1.300004   995.203418     0.002453   100945.902   293.001278
     2.000000     1.300004   995.200069     0.008405   100949.901   293.004595
     3.000000     1.300004   995.191566     0.020259   100960.056   293.013016
     4.000000     1.300004   995.170763     0.034511   100984.903   293.033618
     5.000000     1.300004   995.128252    -0.012647   101035.689   293.075714
     6.000000     1.300004   995.009714    -0.274699   101177.285   293.192981
     7.000000     1.300004   994.607863    -1.317030   101656.684   293.588851
     8.000000     1.300004   993.132455    -5.206156   103408.104   295.019866
     9.000000     1.300004   987.491765   -19.323305   109983.060   300.185382
    10.000000     1.300004   967.458274   -61.774327   132326.951   316.757525
    11.000000     1.300004   926.747313  -131.728261   181369.417   349.804551
    12.000000     1.300004   900.301613  -171.827493   212042.596   367.140746
    13.000000     1.300004   893.557805  -185.624303   221972.034   372.104442
    14.000000     1.300004   887.724289  -179.377570   234321.224   377.986399
    15.000000     1.300004   874.930216  -143.613343   271112.794   394.206162
    16.000000     1.300004   842.691128   -66.776300   361412.842   430.122615
    17.000000     1.300004   815.996371   -18.629669   432584.280   454.551860
    18.000000     1.300004   807.661700    -4.646205   455600.163   461.514489
    19.000000     1.300004   805.577857    -0.788378   461471.847   463.222544
    20.000000     1.300004   805.154653     0.448221   462663.847   463.563511
    21.000000     1.300004   805.115627     0.637296   462801.301   463.601394
    22.000000     1.300004   805.245187     0.673043   462447.288   463.498104
    23.000000     1.300004   805.399206     0.534895   462023.689   463.375155
    24.000000     1.300004   805.475907     0.264454   461818.915   463.315220
    25.000000     1.300004   805.467810    -0.015268   461842.376   463.322066
    26.000000     1.300004   805.439042    -0.258718   461928.133   463.347279
    27.000000     1.300004   805.373152    -0.418374   462121.377   463.403753
    28.000000     1.300004   805.262036    -0.539588   462441.067   463.496795
    29.000000     1.300004   805.133893    -0.519678   462803.695   463.602164
    30.000000     1.300004   805.005750    -0.499767   463166.323   463.707533
     0.000000     1.490797   995.204709     0.000000   100944.360   293.000000
     1.000000     1.490797   995.203738     0.000942   100945.520   293.000962
     2.000000     1.490797   995.201070     0.003078   100948.705   293.003604
     3.000000     1.490797   995.193238     0.006119   100958.059   293.011361
     4.000000     1.490797   995.170656    -0.004536   100985.031   293.033725
     5.000000     1.490797   995.110306    -0.100253   101057.119   293.093471
     6.000000     1.490797   994.923359    -0.540627   101280.328   293.278233
     7.000000     1.490797   994.274743    -2.229199   102052.964   293.914936
     8.000000     1.490797   991.891743    -8.429231   104867.389   296.197664
     9.000000     1.490797   982.959795   -29.791245   115104.999   304.119377
    10.000000     1.490797   955.321210   -84.560081   146082.106   326.606628
    11.000000     1.490797   915.142225  -148.357724   195504.756   358.102366
    12.000000     1.490797   896.577346  -175.377397   218430.645   370.316316
    13.000000     1.490797   892.365007  -187.310290   223842.243   373.050418
    14.000000     1.490797   888.786698  -185.717524   230086.777   376.129398
    15.000000     1.490797   882.088433  -167.392456   248617.671   384.643389
    16.000000     1.490797   857.194520  -102.108445   317169.639   413.512652
    17.000000     1.490797   825.130909   -33.302988   409722.884   447.495929
    18.000000     1.490797   810.639114    -8.630341   448684.558   459.873830
    19.000000     1.490797   806.671377    -1.784662   459477.838   463.069484
    20.000000     1.490797   805.723212     0.219264   462123.350   463.832318
    21.000000     1.490797   805.511167     0.592491   462696.028   463.995579
    22.000000     1.490797   805.605054     0.763051   462428.174   463.917289
    23.000000     1.490797   805.705535     0.586243   462144.673   463.834636
    24.000000     1.490797   805.750338     0.277629   462011.959   463.795181
    25.000000     1.490797   805.759139    -0.015946   461988.462   463.788468
    26.000000     1.490797   805.737431    -0.275235   462043.316   463.805123
    27.000000     1.490797   805.673850    -0.459247   462207.963   463.854206
    28.000000     1.490797   805.567549    -0.600279   462483.143   463.935789
    29.000000     1.490797   805.449059    -0.576787   462786.697   464.025709
    30.000000     1.490797   805.330570    -0.553295   463090.251   464.115630
     0.000000     1.700669   995.204709     0.000000   100944.360   293.000000
     1.000000     1.700669   995.203795    -0.000430   100945.451   293.000904
     2.000000     1.700669   995.201163    -0.002033   100948.594   293.003511
     3.000000     1.700669   995.192356    -0.010658   100959.112   293.012233
     4.000000     1.700669   995.163874    -0.052996   100993.129   293.040438
     5.000000     1.700669   995.072037    -0.245250   101102.796   293.131312
     6.000000     1.700669   994.763353    -1.011488   101471.027   293.435839
     7.000000     1.700669   993.673077    -3.853654   102766.036   294.499397
     8.000000     1.700669   989.680282   -13.995357   107437.082   298.240523
     9.000000     1.700669   975.363628   -45.900114   123465.041   310.434181
    10.000000     1.700669   941.211558  -111.980977   164579.565   339.189058
    11.000000     1.700669   906.097648  -162.119457   206137.251   364.004792
    12.000000     1.700669   893.832632  -177.437029   223895.541   373.063694
    13.000000     1.700669   891.129875  -187.350496   226161.351   374.282900
    14.000000     1.700669   888.947212  -188.376104   228836.757   375.673760
    15.000000     1.700669   885.523441  -180.949157   236561.935   379.413657
    16.000000     1.700669   871.695279  -140.513214   275295.521   396.705383
    17.000000     1.700669   837.474593   -61.112911   369165.908   434.313680
    18.000000     1.700669   812.633866   -16.569700   435099.530   456.751425
    19.000000     1.700669   805.207062    -3.909152   455512.183   462.925449
    20.000000     1.700669   803.195681    -0.320534   461041.127   464.537128
    21.000000     1.700669   802.714170     0.489098   462423.406   464.932603
    22.000000     1.700669   802.753801     0.792323   462337.595   464.903802
    23.000000     1.700669   802.775806     0.602156   462306.412   464.890761
    24.000000     1.700669   802.810624     0.292971   462228.398   464.864278
    25.000000     1.700669   802.840900    -0.009397   462153.196   464.842599
    26.000000     1.700669   802.831772    -0.285197   462179.920   464.851094
    27.000000     1.700669   802.785689    -0.493094   462308.402   464.889747
    28.000000     1.700669   802.708473    -0.655459   462519.560   464.952932
    29.000000     1.700669   802.618503    -0.629061   462760.850   465.024995
    30.000000     1.700669   802.528533    -0.602663   463002.141   465.097057
     0.000000     1.931528   995.204709     0.000000   100944.360   293.000000
     1.000000     1.931528   995.203548    -0.002040   100945.746   293.001149
     2.000000     1.931528   995.200105    -0.008325   100949.858   293.004560
     3.000000     1.931528   995.187889    -0.032719   100964.447   293.016657
     4.000000     1.931528   995.144560    -0.129603   101016.185   293.059549
     5.000000     1.931528   994.992137    -0.501595   101198.094   293.210223
     6.000000     1.931528   994.455231    -1.879233   101837.430   293.738112
     7.000000     1.931528   992.541708    -6.837685   104097.290   295.583698
     8.000000     1.931528   985.632897   -23.644130   112042.372   301.862437
     9.000000     1.931528   963.244766   -69.277103   136706.696   320.176565
    10.000000     1.931528   923.809186  -137.242877   184131.208   351.687296
    11.000000     1.931528   900.219008  -171.826389   213357.128   367.901216
    12.000000     1.931528   892.061938  -180.512194   226662.388   374.499467
    13.000000     1.931528   889.391302  -186.656881   228428.488   375.463714
    14.000000     1.931528   888.122767  -188.647463   229310.382   376.040559
    15.000000     1.931528   886.472850  -186.380622   231861.528   377.455049
    16.000000     1.931528   880.231717  -168.594987   248078.220   385.114967
    17.000000     1.931528   854.583177  -102.655531   316428.284   414.536177
    18.000000     1.931528   822.398034   -33.812429   408066.473   448.635895
    19.000000     1.931528   807.741687    -8.706395   447239.159   461.190313
    20.000000     1.931528   803.485115    -1.610436   458731.732   464.620275
    21.000000     1.931528   802.356407     0.189719   461817.459   465.514290
    22.000000     1.931528   802.227443     0.751103   462179.739   465.616747
    23.000000     1.931528   802.114265     0.597973   462500.210   465.706883
    24.000000     1.931528   802.131175     0.311662   462453.829   465.691270
    25.000000     1.931528   802.172271     0.004269   462348.659   465.660637
    26.000000     1.931528   802.169055    -0.288324   462346.093   465.661134
    27.000000     1.931528   802.130789    -0.527921   462439.904   465.690919
    28.000000     1.931528   802.072564    -0.691223   462577.843   465.734682
    29.000000     1.931528   802.002909    -0.668381   462740.017   465.785761
    30.000000     1.931528   801.933255    -0.645538   462902.191   465.836840
     0.000000     2.185473   995.204709     0.000000   100944.360   293.000000
     1.000000     2.185473   995.202806    -0.004598   100946.632   293.001884
     2.000000     2.185473   995.197087    -0.018505   100953.461   293.007548
     3.000000     2.185473   995.176138    -0.070275   100978.477   293.028290
     4.000000     2.185473   995.099307    -0.264222   101070.190   293.104307
     5.000000     2.185473   994.822904    -0.979387   101399.693   293.377016
     6.000000     2.185473   993.839077    -3.550557   102566.902   294.338058
     7.000000     2.185473   990.332724   -12.447447   106660.553   297.651378
     8.000000     2.185473   978.181646   -39.943986   120278.718   308.195796
     9.000000     2.185473   946.026185  -100.004387   156329.640   333.929448
    10.000000     2.185473   910.984046  -156.013871   200621.504   361.125922
    11.000000     2.185473   896.293534  -178.560113   218861.025   370.703713
    12.000000     2.185473   890.819623  -183.475218   228006.677   375.240923
    13.000000     2.185473   887.941348  -185.771964   230379.007   376.547695
    14.000000     2.185473   887.283504  -188.064979   230148.147   376.694353
    15.000000     2.185473   886.199374  -187.683660   230738.424   377.311783
    16.000000     2.185473   883.167582  -181.597547   236217.166   380.305152
    17.000000     2.185473   870.679637  -146.716921   268752.223   395.438087
    18.000000     2.185473   837.802597   -69.015668   357724.452   432.230187
    19.000000     2.185473   810.620129   -19.372643   429315.033   457.361436
    20.000000     2.185473   801.727392    -4.633755   453406.396   464.798741
    21.000000     2.185473   799.166053    -0.585105   460332.380   466.842613
    22.000000     2.185473   798.644347     0.560018   461836.618   467.274389
    23.000000     2.185473   798.389257     0.507151   462572.680   467.482335
    24.000000     2.185473   798.353290     0.333571   462687.968   467.510372
    25.000000     2.185473   798.390994     0.034782   462582.465   467.479454
    26.000000     2.185473   798.404069    -0.282523   462543.688   467.469779
    27.000000     2.185473   798.386731    -0.547264   462586.735   467.485620
    28.000000     2.185473   798.364265    -0.710738   462637.630   467.505230
    29.000000     2.185473   798.329234    -0.698007   462716.274   467.533251
    30.000000     2.185473   798.294203    -0.685275   462794.918   467.561272
     0.000000     2.464813   995.204709     0.000000   100944.360   293.000000
     1.000000     2.464813   995.201075    -0.009495   100948.699   293.003598
     2.000000     2.464813   995.190112    -0.038188   100961.791   293.014455
     3.000000     2.464813   995.149752    -0.144271   101009.975   293.054404
     4.000000     2.464813   995.001174    -0.536702   101187.206   293.201245
     5.000000     2.464813   994.464729    -1.954513   101825.165   293.728498
     6.000000     2.464813   992.558069    -6.905506   104069.444   295.567504
     7.000000     2.464813   985.893076   -23.022102   111684.117   301.646902
     8.000000     2.464813   965.118958   -65.585434   134501.939   318.816895
     9.000000     2.464813   927.053426  -132.478676   179656.620   349.129743
    10.000000     2.464813   902.001647  -167.883101   212577.239   367.605120
    11.000000     2.464813   893.246694  -182.375017   223255.294   373.029733
    12.000000     2.464813   889.307521  -185.964765   228443.846   375.712106
    13.000000     2.464813   886.896839  -186.487990   230628.035   377.008536
    14.000000     2.464813   885.823129  -187.261469   230933.605   377.511707
    15.000000     2.464813   884.486388  -187.475442   230909.921   377.982917
    16.000000     2.464813   883.219546  -185.690606   232369.064   379.289698
    17.000000     2.464813   878.297491  -172.743130   243769.670   385.256534
    18.000000     2.464813   857.275948  -117.837705   298568.997   409.937465
    19.000000     2.464813   823.696744   -45.315869   390248.260   445.733876
    20.000000     2.464813   804.792428   -12.318745   440726.131   462.404343
    21.000000     2.464813   798.922511    -2.728428   456642.229   467.213055
    22.000000     2.464813   797.367341    -0.037802   460925.496   468.467148
    23.000000     2.464813   796.803443     0.324828   462488.760   468.919553
    24.000000     2.464813   796.685311     0.278888   462764.363   468.997547
    25.000000     2.464813   796.656161     0.042110   462847.865   469.021668
    26.000000     2.464813   796.676648    -0.274293   462797.459   469.008052
    27.000000     2.464813   796.695010    -0.547878   462755.095   468.997944
    28.000000     2.464813   796.715858    -0.711255   462701.571   468.985520
    29.000000     2.464813   796.709774    -0.706813   462712.251   468.991958
    30.000000     2.464813   796.703690    -0.702371   462722.931   468.998397
     0.000000     2.772087   995.204709     0.000000   100944.360   293.000000
     1.000000     2.772087   995.197168    -0.020191   100953.365   293.007468
     2.000000     2.772087   995.174353    -0.081279   100980.606   293.030056
     3.000000     2.772087   995.090237    -0.306461   101080.983   293.113262
     4.000000     2.772087   994.781566    -1.130574   101448.579   293.417607
     5.000000     2.772087   993.673968    -4.048910   102758.422   294.497480
     6.000000     2.772087   989.792529   -13.805702   107250.242   298.149558
     7.000000     2.772087   976.998473   -42.211020   121433.509   309.233307
     8.000000     2.772087   945.485301  -101.141574   157137.730   334.710866
     9.000000     2.772087   911.770699  -156.411174   199159.619   360.503451
    10.000000     2.772087   896.407313  -175.962560   220158.952   371.504052
    11.000000     2.772087   890.515894  -184.147564   226713.292   374.908314
    12.000000     2.772087   887.449988  -186.848480   229269.351   376.433806
    13.000000     2.772087   885.637270  -187.101530   230544.515   377.450441
    14.000000     2.772087   884.101215  -187.037063   231178.514   378.296356
    15.000000     2.772087   883.038050  -186.984219   231127.149   379.001154
    16.000000     2.772087   882.001717  -186.500015   231381.634   379.996624
    17.000000     2.772087   880.325637  -182.651935   234699.391   382.211058
    18.000000     2.772087   872.388013  -159.962387   255355.430   392.236288
    19.000000     2.772087   844.842485   -93.170957   326876.253   422.953078
    20.000000     2.772087   815.513270   -30.940993   411023.069   453.854061
    21.000000     2.772087   802.132874    -8.402163   446968.176   465.281469
    22.000000     2.772087   797.979148    -1.729428   458233.510   468.651494
    23.000000     2.772087   796.625419    -0.166472   461907.967   469.728656
    24.000000     2.772087   796.329278     0.156602   462681.118   469.952823
    25.000000     2.772087   796.183353     0.013515   463091.339   470.071963
    26.000000     2.772087   796.191389    -0.257423   463071.833   470.067113
    27.000000     2.772087   796.238559    -0.516276   462942.928   470.031403
    28.000000     2.772087   796.298857    -0.687473   462778.523   469.986160
    29.000000     2.772087   796.313575    -0.697579   462723.448   469.972922
    30.000000     2.772087   796.328294    -0.707685   462668.374   469.959684
     0.000000     3.110088   995.204709     0.000000   100944.360   293.000000
     1.000000     3.110088   995.187920    -0.045179   100964.406   293.016623
     2.000000     3.110088   995.136976    -0.182171   101025.215   293.067041
     3.000000     3.110088   994.949391    -0.685295   101248.803   293.252317
     4.000000     3.110088   994.266439    -2.499746   102058.768   293.922105
     5.000000     3.110088   991.847595    -8.718766   104881.201   296.239780
     6.000000     3.110088   983.677425   -27.844231   114041.622   303.592623
     7.000000     3.110088   960.741100   -73.684865   139310.658   322.576082
     8.000000     3.110088   923.942841  -136.946944   184030.727   351.985654
     9.000000     3.110088   901.253360  -170.936339   212247.614   367.699522
    10.000000     3.110088   891.998073  -181.619443   224407.695   373.954588
    11.000000     3.110088   887.295137  -185.212118   228836.778   376.441912
    12.000000     3.110088   885.258926  -186.972035   230051.310   377.514533
    13.000000     3.110088   883.678597  -187.110545   230702.949   378.473264
    14.000000     3.110088   882.484774  -186.933223   231024.203   379.431897
    15.000000     3.110088   881.701766  -186.771578   231094.929   380.310415
    16.000000     3.110088   881.188146  -186.593634   231138.645   380.937155
    17.000000     3.110088   880.673541  -185.567853   232012.923   381.744520
    18.000000     3.110088   878.315862  -178.663158   238075.197   384.763505
    19.000000     3.110088   866.601060  -146.042748   268852.186   399.037858
    20.000000     3.110088   837.168356   -75.258751   349378.784   432.547280
    21.000000     3.110088   810.012447   -23.748412   422531.037   458.387046
    22.000000     3.110088   799.773624    -6.601893   450389.746   467.011249
    23.000000     3.110088   796.351921    -1.663730   459745.967   469.776847
    24.000000     3.110088   795.472880    -0.240357   462157.794   470.479532
    25.000000     3.110088   795.126191    -0.138646   463102.202   470.753650
    26.000000     3.110088   795.048428    -0.256764   463313.800   470.814760
    27.000000     3.110088   795.104081    -0.436947   463162.786   470.770867
    28.000000     3.110088   795.207348    -0.627162   462886.386   470.690572
    29.000000     3.110088   795.258911    -0.663033   462748.145   470.650359
    30.000000     3.110088   795.310474    -0.698904   462609.904   470.610147
     0.000000     3.481889   995.204709     0.000000   100944.360   293.000000
     1.000000     3.481889   995.164757    -0.107476   100992.053   293.039545
     2.000000     3.481889   995.043071    -0.434198   101137.179   293.159851
     3.000000     3.481889   994.596632    -1.624647   101667.587   293.599157
     4.000000     3.481889   992.991865    -5.803394   103550.082   295.153243
     5.000000     3.481889   987.455255   -19.216798   109822.090   300.272430
     6.000000     3.481889   970.646303   -54.321764   128062.636   314.507601
     7.000000     3.481889   937.986285  -116.733930   167755.080   341.856160
     8.000000     3.481889   907.237102  -160.983972   205308.803   364.086620
     9.000000     3.481889   894.055295  -178.673733   220907.729   372.317746
    10.000000     3.481889   887.942361  -184.569906   227150.640   375.833089
    11.000000     3.481889   884.678655  -186.233925   229701.209   377.692024
    12.000000     3.481889   883.036597  -186.792447   230582.881   378.924019
    13.000000     3.481889   881.982029  -186.872117   230870.296   379.977339
    14.000000     3.481889   881.303124  -186.801876   230968.735   380.735111
    15.000000     3.481889   880.935765  -186.710493   231016.617   381.247998
    16.000000     3.481889   880.802315  -186.631933   231042.923   381.514739
    17.000000     3.481889   880.691830  -186.362651   231265.773   381.741451
    18.000000     3.481889   880.172110  -184.605179   232792.845   382.462692
    19.000000     3.481889   876.879652  -174.402035   241926.054   386.730478
    20.000000     3.481889   861.555584  -133.106030   282299.562   405.090661
    21.000000     3.481889   832.029961   -64.306404   364272.729   438.233290
    22.000000     3.481889   808.871446   -20.851495   427771.371   459.894986
    23.000000     3.481889   799.994793    -6.266232   452315.615   467.374797
    24.000000     3.481889   797.195550    -1.672504   460047.088   469.641627
    25.000000     3.481889   796.252408    -0.567452   462631.889   470.390930
    26.000000     3.481889   796.013271    -0.372702   463297.845   470.582279
    27.000000     3.481889   796.022880    -0.412608   463277.311   470.575051
    28.000000     3.481889   796.110690    -0.512104   463048.655   470.507502
    29.000000     3.481889   796.197349    -0.599635   462820.865   470.440105
    30.000000     3.481889   796.284009    -0.687167   462593.076   470.372708
     0.000000     3.890871   995.204709     0.000000   100944.360   293.000000
     1.000000     3.890871   995.102954    -0.273146   101065.743   293.100630
     2.000000     3.890871   994.791483    -1.104921   101436.267   293.407734
     3.000000     3.890871   993.657068    -4.078949   102771.428   294.513368
     4.000000     3.890871   989.668388   -13.945519   107322.064   298.264833
     5.000000     3.890871   976.935461   -41.591093   121150.209   309.370880
     6.000000     3.890871   947.588018   -96.699523   154136.901   333.284156
     7.000000     3.890871   914.574674  -151.085994   195131.325   358.865025
     8.000000     3.890871   896.129226  -174.359074   217236.615   370.913218
     9.000000     3.890871   888.011664  -182.524082   226099.804   375.901811
    10.000000     3.890871   884.276183  -185.698254   229018.223   378.117420
    11.000000     3.890871   882.391291  -186.599264   230244.914   379.622202
    12.000000     3.890871   881.378837  -186.789645   230712.323   380.597439
    13.000000     3.890871   880.880578  -186.784987   230872.015   381.215595
    14.000000     3.890871   880.682933  -186.764055   230916.083   381.528563
    15.000000     3.890871   880.661553  -186.728068   230949.192   381.694273
    16.000000     3.890871   880.704052  -186.696951   230967.252   381.702706
    17.000000     3.890871   880.810376  -186.626155   231030.148   381.704380
    18.000000     3.890871   880.974444  -186.233970   231381.765   381.793014
    19.000000     3.890871   880.578526  -183.794076   233617.718   382.678263
    20.000000     3.890871   876.631683  -170.767679   245524.080   387.927822
    21.000000     3.890871   859.385511  -125.130566   291399.573   408.334114
    22.000000     3.890871   831.641708   -60.365439   370540.532   439.384248
    23.000000     3.890871   810.618505   -20.786439   429218.865   459.027351
    24.000000     3.890871   802.434557    -6.533253   452108.638   465.941482
    25.000000     3.890871   799.492991    -2.184321   460311.274   468.334336
    26.000000     3.890871   798.640047    -0.820948   462671.025   469.011634
    27.000000     3.890871   798.468926    -0.506125   463171.089   469.152486
    28.000000     3.890871   798.506853    -0.461980   463075.122   469.122515
    29.000000     3.890871   798.559130    -0.511710   462939.942   469.081021
    30.000000     3.890871   798.611406    -0.561440   462804.763   469.039527
     0.000000     4.340750   995.204709     0.000000   100944.360   293.000000
     1.000000     4.340750   994.926445    -0.743511   101275.535   293.274482
     2.000000     4.340750   994.069027    -3.000218   102287.163   294.113440
     3.000000     4.340750   990.990309   -10.703960   105813.312   297.040535
     4.000000     4.340750   980.821368   -33.291968   116851.392   306.088380
     5.000000     4.340750   955.234727   -82.456210   144916.328   327.286296
     6.000000     4.340750   920.709930  -140.297972   186625.862   354.484367
     7.000000     4.340750   897.892513  -170.201369   213330.348   369.503831
     8.000000     4.340750   887.997869  -181.231139   224272.878   375.771113
     9.000000     4.340750   883.537865  -184.897919   228564.894   378.807914
    10.000000     4.340750   881.626841  -186.171858   230062.398   380.357106
    11.000000     4.340750   880.810698  -186.640369   230606.965   381.199510
    12.000000     4.340750   880.532347  -186.780687   230782.686   381.602765
    13.000000     4.340750   880.497121  -186.805211   230841.970   381.788072
    14.000000     4.340750   880.558116  -186.808656   230866.071   381.794160
    15.000000     4.340750   880.709286  -186.808175   230878.791   381.759135
    16.000000     4.340750   880.993938  -186.827505   230884.617   381.663097
    17.000000     4.340750   881.420402  -186.881724   230903.791   381.474699
    18.000000     4.340750   882.055631  -186.913707   230959.396   381.186059
    19.000000     4.340750   882.629445  -186.468989   231472.232   380.969346
    20.000000     4.340750   882.338287  -183.526090   234255.154   381.692946
    21.000000     4.340750   877.875723  -169.202152   247513.023   387.282266
    22.000000     4.340750   860.425340  -123.803289   293595.951   407.742576
    23.000000     4.340750   834.343324   -62.263058   368781.823   437.100761
    24.000000     4.340750   813.932287   -22.823405   426318.122   456.360406
    25.000000     4.340750   805.212174    -8.046604   450969.422   463.830260
    26.000000     4.340750   802.180337    -2.710188   459488.346   466.313676
    27.000000     4.340750   801.205409    -1.053230   462220.082   467.099133
    28.000000     4.340750   800.997862    -0.544758   462813.646   467.268005
    29.000000     4.340750   800.961678    -0.532793   462917.439   467.295937
    30.000000     4.340750   800.925494    -0.520828   463021.232   467.323870
     0.000000     4.835618   995.204709     0.000000   100944.360   293.000000
     1.000000     4.835618   994.383293    -2.167348   101914.033   293.803805
     2.000000     4.835618   991.828754    -8.600120   104845.700   296.247956
     3.000000     4.835618   983.088935   -28.175684   114285.428   304.121959
     4.000000     4.835618   959.933057   -72.949618   139118.586   323.517789
     5.000000     4.835618   925.172319  -132.091443   180275.534   351.164165
     6.000000     4.835618   898.870181  -166.587703   210339.611   368.820265
     7.000000     4.835618   887.360162  -179.512270   223215.296   376.321801
     8.000000     4.835618   882.754183  -184.254137   228109.209   379.643522
     9.000000     4.835618   880.929732  -185.939400   229880.623   381.093852
    10.000000     4.835618   880.386138  -186.524068   230514.051   381.725692
    11.000000     4.835618   880.267823  -186.785933   230746.530   381.949511
    12.000000     4.835618   880.379045  -186.882507   230804.158   381.956300
    13.000000     4.835618   880.607756  -186.926746   230822.891   381.892070
    14.000000     4.835618   880.993176  -186.975887   230814.537   381.734352
    15.000000     4.835618   881.551332  -187.043581   230797.428   381.458456
    16.000000     4.835618   882.271481  -187.163615   230805.008   381.058298
    17.000000     4.835618   883.081422  -187.313651   230833.660   380.515098
    18.000000     4.835618   883.894569  -187.529421   230835.475   379.875633
    19.000000     4.835618   884.542138  -187.517816   230931.045   379.253367
    20.000000     4.835618   884.780722  -186.979380   231572.469   379.073666
    21.000000     4.835618   884.075571  -183.817357   234482.971   379.936553
    22.000000     4.835618   879.475327  -170.049343   247122.685   385.771215
    23.000000     4.835618   863.324674  -128.489492   288972.527   404.648409
    24.000000     4.835618   838.789072   -69.832188   359085.284   432.521394
    25.000000     4.835618   817.636341   -27.898065   419475.198   453.038583
    26.000000     4.835618   808.019790   -10.184732   446907.611   461.451651
    27.000000     4.835618   804.205447    -3.687713   457696.121   464.617253
    28.000000     4.835618   802.875141    -1.392139   461435.564   465.696952
    29.000000     4.835618   802.518054    -0.881641   462440.079   465.984031
    30.000000     4.835618   802.160967    -0.371143   463444.594   466.271109
     0.000000     5.379972   995.204709     0.000000   100944.360   293.000000
     1.000000     5.379972   992.545440    -6.711912   103982.263   295.532927
     2.000000     5.379972   984.328363   -24.995046   112735.672   302.959867
     3.000000     5.379972   961.796513   -67.973725   136271.326   321.937218
     4.000000     5.379972   926.310683  -127.383021   177035.024   350.120725
     5.000000     5.379972   898.014502  -164.394260   208772.908   369.393337
     6.000000     5.379972   886.090978  -178.594966   222619.848   377.434677
     7.000000     5.379972   881.726684  -183.762960   227978.372   380.615620
     8.000000     5.379972   880.435544  -185.740773   229880.978   381.844684
     9.000000     5.379972   880.082351  -186.454983   230557.825   382.161561
    10.000000     5.379972   880.232209  -186.819264   230739.345   382.185247
    11.000000     5.379972   880.575193  -186.984393   230802.150   382.065791
    12.000000     5.379972   881.133947  -187.083275   230781.168   381.795187
    13.000000     5.379972   881.899889  -187.200625   230738.734   381.366085
    14.000000     5.379972   882.764683  -187.347018   230722.804   380.778341
    15.000000     5.379972   883.659167  -187.517286   230732.823   380.104802
    16.000000     5.379972   884.383816  -187.661748   230779.680   379.405589
    17.000000     5.379972   884.958750  -187.766746   230806.561   378.833310
    18.000000     5.379972   885.387015  -187.843178   230847.952   378.402659
    19.000000     5.379972   885.741925  -187.923496   230835.800   378.070352
    20.000000     5.379972   885.908822  -187.836982   230992.724   377.886180
    21.000000     5.379972   885.881638  -187.250679   231557.741   377.983956
    22.000000     5.379972   885.031072  -184.390652   234149.430   379.040259
    23.000000     5.379972   880.978978  -172.775637   244767.660   384.055756
    24.000000     5.379972   867.574834  -138.173322   278927.439   399.834162
    25.000000     5.379972   845.071369   -83.666422   341893.050   425.538867
    26.000000     5.379972   822.609951   -36.059345   406354.316   448.352725
    27.000000     5.379972   810.968305   -14.548685   440106.630   458.860662
    28.000000     5.379972   805.775598    -5.400938   454847.000   463.250253
    29.000000     5.379972   804.118092    -2.760113   459544.739   464.610351
    30.000000     5.379972   802.460586    -0.119288   464242.478   465.970449
     0.000000     5.978762   995.204709     0.000000   100944.360   293.000000
     1.000000     5.978762   985.416883   -21.328719   110967.515   301.657897
     2.000000     5.978762   960.430396   -66.464820   135685.371   322.464246
     3.000000     5.978762   922.474620  -126.957344   177358.429   352.335081
     4.000000     5.978762   894.869209  -164.347221   209186.631   371.396430
     5.000000     5.978762   884.184424  -178.729033   222908.490   379.018371
     6.000000     5.978762   881.055044  -184.070794   228008.176   381.515030
     7.000000     5.978762   880.245974  -186.011581   229848.088   382.307941
     8.000000     5.978762   880.221715  -186.757654   230498.249   382.418307
     9.000000     5.978762   880.783486  -187.057842   230705.235   382.199116
    10.000000     5.978762   881.614259  -187.251332   230752.537   381.700440
    11.000000     5.978762   882.581893  -187.397847   230730.763   380.998008
    12.000000     5.978762   883.587748  -187.552281   230708.050   380.214068
    13.000000     5.978762   884.376495  -187.710291   230721.969   379.418805
    14.000000     5.978762   884.982859  -187.827737   230739.666   378.799594
    15.000000     5.978762   885.442073  -187.938079   230733.378   378.330591
    16.000000     5.978762   885.778570  -187.999848   230756.780   377.999226
    17.000000     5.978762   886.031949  -188.064457   230759.841   377.752044
    18.000000     5.978762   886.206550  -188.085461   230797.095   377.589507
    19.000000     5.978762   886.344786  -188.120220   230804.113   377.465606
    20.000000     5.978762   886.415159  -188.111102   230847.159   377.392121
    21.000000     5.978762   886.437270  -188.014308   230962.958   377.386303
    22.000000     5.978762   886.305389  -187.513318   231431.624   377.551512
    23.000000     5.978762   885.557696  -185.274262   233447.049   378.474501
    24.000000     5.978762   882.490059  -176.644673   241285.286   382.212761
    25.000000     5.978762   872.921391  -151.499400   265401.064   393.606115
    26.000000     5.978762   851.954507  -101.495316   320055.967   417.161621
    27.000000     5.978762   830.412871   -51.718803   384404.826   440.933897
    28.000000     5.978762   814.683475   -21.453749   429143.850   455.632937
    29.000000     5.978762   808.759139   -10.967170   446419.395   460.777461
    30.000000     5.978762   802.834802    -0.480591   463694.940   465.921986
     0.000000     6.637431   995.204709     0.000000   100944.360   293.000000
     1.000000     6.637431   958.258217   -62.986422   133923.238   322.949504
     2.000000     6.637431   914.514120  -131.402213   181346.598   357.769131
     3.000000     6.637431   890.368336  -166.948928   212147.331   374.929551
     4.000000     6.637431   883.121626  -180.330170   224281.302   380.761227
     5.000000     6.637431   880.987506  -184.947093   228624.147   382.468306
     6.000000     6.637431   880.923083  -186.687049   229975.342   382.475946
     7.000000     6.637431   881.772644  -187.345927   230388.070   381.819266
     8.000000     6.637431   882.811312  -187.619071   230561.293   380.946189
     9.000000     6.637431   883.839444  -187.762658   230614.910   379.973442
    10.000000     6.637431   884.633745  -187.850578   230661.881   379.145732
    11.000000     6.637431   885.216439  -187.922173   230697.499   378.551008
    12.000000     6.637431   885.643012  -187.981151   230720.890   378.126541
    13.000000     6.637431   885.949185  -188.031512   230734.736   377.825466
    14.000000     6.637431   886.168103  -188.063511   230756.577   377.620103
    15.000000     6.637431   886.325702  -188.099956   230762.895   377.472698
    16.000000     6.637431   886.435648  -188.124165   230778.942   377.376139
    17.000000     6.637431   886.514084  -188.152805   230785.359   377.307073
    18.000000     6.637431   886.561870  -188.166350   230801.310   377.265400
    19.000000     6.637431   886.590889  -188.181222   230813.440   377.236839
    20.000000     6.637431   886.601792  -188.185803   230828.528   377.221427
    21.000000     6.637431   886.601495  -188.173066   230856.040   377.217651
    22.000000     6.637431   886.573358  -188.094999   230939.143   377.247214
    23.000000     6.637431   886.441752  -187.732209   231275.289   377.394793
    24.000000     6.637431   885.901845  -186.211294   232644.753   378.036556
    25.000000     6.637431   883.931012  -180.710335   237611.094   380.406649
    26.000000     6.637431   877.802407  -164.400450   252833.037   387.745203
    27.000000     6.637431   861.586215  -124.954222   293459.338   406.227542
    28.000000     6.637431   839.200380   -72.549236   355953.627   431.706456
    29.000000     6.637431   823.981041   -40.508416   401275.268   446.890470
    30.000000     6.637431   808.761702    -8.467597   446596.909   462.074485
     0.000000     7.361966   995.204709     0.000000   100944.360   293.000000
     1.000000     7.361966   907.362976  -140.509442   187484.727   364.481309
     2.000000     7.361966   887.872134  -174.861799   216755.925   378.524356
     3.000000     7.361966   883.809651  -184.838448   225838.603   381.248511
     4.000000     7.361966   882.938563  -187.552006   228813.948   380.992563
     5.000000     7.361966   883.925670  -188.293716   229668.519   379.822709
     6.000000     7.361966   884.724331  -188.390299   230121.599   378.931149
     7.000000     7.361966   885.330264  -188.388210   230316.606   378.301402
     8.000000     7.361966   885.787639  -188.369758   230417.171   377.876962
     9.000000     7.361966   886.097745  -188.347389   230482.160   377.598625
    10.000000     7.361966   886.302316  -188.318604   230542.935   377.424749
    11.000000     7.361966   886.435655  -188.287894   230594.299   377.316116
    12.000000     7.361966   886.524507  -188.256777   230640.601   377.250751
    13.000000     7.361966   886.586101  -188.239354   230674.278   377.209396
    14.000000     7.361966   886.624981  -188.221773   230709.213   377.188265
    15.000000     7.361966   886.649200  -188.213109   230736.622   377.176487
    16.000000     7.361966   886.662042  -188.208217   230761.018   377.171771
    17.000000     7.361966   886.664572  -188.209117   230780.761   377.170409
    18.000000     7.361966   886.658151  -188.210272   230796.217   377.170725
    19.000000     7.361966   886.650300  -188.212578   230810.521   377.172839
    20.000000     7.361966   886.639443  -188.213781   230823.030   377.175765
    21.000000     7.361966   886.626551  -188.210716   230837.497   377.180512
    22.000000     7.361966   886.608137  -188.196989   230859.653   377.189705
    23.000000     7.361966   886.571776  -188.141417   230918.234   377.216064
    24.000000     7.361966   886.468233  -187.910179   231132.696   377.315890
    25.000000     7.361966   886.131809  -187.017467   231936.092   377.692926
    26.000000     7.361966   885.012332  -183.930240   234712.208   379.011586
    27.000000     7.361966   881.323030  -174.063001   243761.927   383.396502
    28.000000     7.361966   870.560935  -147.276809   269945.284   395.923296
    29.000000     7.361966   854.014632  -105.857221   315503.612   416.041701
    30.000000     7.361966   837.468328   -64.437633   361061.940   436.160106
     0.000000     8.158955   886.483624  -188.310443   230784.043   377.151055
     1.000000     8.158955   886.853247  -189.358987   229866.991   376.709616
     2.000000     8.158955   886.844923  -189.665369   229617.352   376.594001
     3.000000     8.158955   886.820559  -189.646829   229613.328   376.594265
     4.000000     8.158955   886.809162  -189.581025   229645.804   376.611892
     5.000000     8.158955   886.812985  -189.494356   229687.733   376.633521
     6.000000     8.158955   886.821140  -189.388531   229749.351   376.663895
     7.000000     8.158955   886.824419  -189.263005   229836.345   376.705827
     8.000000     8.158955   886.822724  -189.130735   229937.789   376.754172
     9.000000     8.158955   886.816464  -188.994904   230048.490   376.806568
    10.000000     8.158955   886.806736  -188.859904   230163.279   376.860677
    11.000000     8.158955   886.794164  -188.722805   230282.432   376.916671
    12.000000     8.158955   886.782177  -188.607545   230387.246   376.965866
    13.000000     8.158955   886.770216  -188.518304   230473.958   377.006536
    14.000000     8.158955   886.752695  -188.447662   230548.120   377.041301
    15.000000     8.158955   886.732116  -188.390538   230612.155   377.071309
    16.000000     8.158955   886.706694  -188.346761   230665.596   377.096348
    17.000000     8.158955   886.681045  -188.312303   230710.599   377.117432
    18.000000     8.158955   886.658446  -188.287526   230744.225   377.133192
    19.000000     8.158955   886.634756  -188.269438   230773.187   377.146762
    20.000000     8.158955   886.608038  -188.256000   230795.663   377.157297
    21.000000     8.158955   886.584933  -188.246798   230812.724   377.165296
    22.000000     8.158955   886.562090  -188.236935   230828.477   377.172680
    23.000000     8.158955   886.538980  -188.219083   230850.804   377.183123
    24.000000     8.158955   886.508935  -188.170955   230897.595   377.204986
    25.000000     8.158955   886.447469  -188.028178   231028.279   377.266058
    26.000000     8.158955   886.268479  -187.553015   231458.422   377.467549
    27.000000     8.158955   885.677148  -185.940663   232918.623   378.157116
    28.000000     8.158955   883.698256  -180.648923   237758.755   380.490974
    29.000000     8.158955   878.709981  -167.503006   250155.352   386.634560
    30.000000     8.158955   873.721705  -154.357089   262551.948   392.778146
     0.000000     9.035643   886.483624  -188.310443   230784.043   377.151055
     1.000000     9.035643   886.546741  -188.426472   230664.722   377.095435
     2.000000     9.035643   886.637981  -188.594236   230492.311   377.015057
     3.000000     9.035643   886.747590  -188.795900   230285.303   376.918486
     4.000000     9.035643   886.840437  -188.966887   230109.935   376.836585
     5.000000     9.035643   886.903902  -189.083101   229990.564   376.780781
     6.000000     9.035643   886.943972  -189.156888   229914.952   376.745412
     7.000000     9.035643   886.961172  -189.188641   229882.459   376.730201
     8.000000     9.035643   886.958618  -189.183946   229887.269   376.732454
     9.000000     9.035643   886.950041  -189.168121   229903.466   376.740041
    10.000000     9.035643   886.934795  -189.139969   229932.274   376.753535
    11.000000     9.035643   886.912823  -189.099427   229973.781   376.772980
    12.000000     9.035643   886.880592  -189.040054   230034.617   376.801479
    13.000000     9.035643   886.840808  -188.966858   230109.671   376.836633
    14.000000     9.035643   886.797300  -188.886864   230191.744   376.875064
    15.000000     9.035643   886.752782  -188.804567   230276.082   376.914547
    16.000000     9.035643   886.708647  -188.724254   230358.687   376.953204
    17.000000     9.035643   886.667210  -188.648763   230436.634   376.989670
    18.000000     9.035643   886.631617  -188.581079   230505.161   377.021719
    19.000000     9.035643   886.598189  -188.520942   230567.319   377.050780
    20.000000     9.035643   886.569702  -188.469386   230620.518   377.075647
    21.000000     9.035643   886.546753  -188.424813   230665.262   377.096557
    22.000000     9.035643   886.527314  -188.389018   230702.069   377.113754
    23.000000     9.035643   886.510683  -188.358522   230733.378   377.128380
    24.000000     9.035643   886.499556  -188.337681   230754.585   377.138287
    25.000000     9.035643   886.483250  -188.307268   230785.627   377.152790
    26.000000     9.035643   886.446229  -188.238949   230855.739   377.185564
    27.000000     9.035643   886.335747  -188.036311   231064.225   377.283238
    28.000000     9.035643   885.972974  -187.373391   231746.837   377.605467
    29.000000     9.035643   884.906890  -185.438873   233746.106   378.570494
    30.000000     9.035643   883.840806  -183.504355   235745.375   379.535520
     0.000000    10.000000   886.483624  -188.310443   230784.043   377.151055
     1.000000    10.000000   886.546741  -188.426472   230664.722   377.095435
     2.000000    10.000000   886.637981  -188.594236   230492.311   377.015057
     3.000000    10.000000   886.747590  -188.795900   230285.303   376.918486
     4.000000    10.000000   886.840437  -188.966887   230109.935   376.836585
     5.000000    10.000000   886.903902  -189.083101   229990.564   376.780781
     6.000000    10.000000   886.943972  -189.156888   229914.952   376.745412
     7.000000    10.000000   886.961172  -189.188641   229882.459   376.730201
     8.000000    10.000000   886.958618  -189.183946   229887.269   376.732454
     9.000000    10.000000   886.950041  -189.168121   229903.466   376.740041
    10.000000    10.000000   886.934795  -189.139969   229932.274   376.753535
    11.000000    10.000000   886.912823  -189.099427   229973.781   376.772980
    12.000000    10.000000   886.880592  -189.040054   230034.617   376.801479
    13.000000    10.000000   886.840808  -188.966858   230109.671   376.836633
    14.000000    10.000000   886.797300  -188.886864   230191.744   376.875064
    15.000000    10.000000   886.752782  -188.804567   230276.082   376.914547
    16.000000    10.000000   886.708647  -188.724254   230358.687   376.953204
    17.000000    10.000000   886.667210  -188.648763   230436.634   376.989670
    18.000000    10.000000   886.631617  -188.581079   230505.161   377.021719
    19.000000    10.000000   886.598189  -188.520942   230567.319   377.050780
    20.000000    10.000000   886.569702  -188.469386   230620.518   377.075647
    21.000000    10.000000   886.546753  -188.424813   230665.262   377.096557
    22.000000    10.000000   886.527314  -188.389018   230702.069   377.113754
    23.000000    10.000000   886.510683  -188.358522   230733.378   377.128380
    24.000000    10.000000   886.499556  -188.337681   230754.585   377.138287
    25.000000    10.000000   886.483250  -188.307268   230785.627   377.152790
    26.000000    10.000000   886.446229  -188.238949   230855.739   377.185564
    27.000000    10.000000   886.335747  -188.036311   231064.225   377.283238
    28.000000    10.000000   885.972974  -187.373391   231746.837   377.605467
    29.000000    10.000000   884.906890  -185.438873   233746.106   378.570494
    30.000000    10.000000   883.840806  -183.504355   235745.375   379.535520
