 0.80010003E+000 -0.26220111E-001
 0.78388470E+000 -0.27998893E-001
 0.76744747E+000 -0.29766355E-001
 0.75081629E+000 -0.31518053E-001
 0.73400694E+000 -0.33250868E-001
 0.71704227E+000 -0.34960940E-001
 0.69994754E+000 -0.36644183E-001
 0.68273902E+000 -0.38297404E-001
 0.66544884E+000 -0.39915878E-001
 0.64809418E+000 -0.41496336E-001
 0.63070410E+000 -0.43034401E-001
 0.61330259E+000 -0.44526231E-001
 0.59591186E+000 -0.45968167E-001
 0.57856286E+000 -0.47355887E-001
 0.56127042E+000 -0.48686475E-001
 0.54406857E+000 -0.49955606E-001
 0.52697474E+000 -0.51160362E-001
 0.51001483E+000 -0.52297350E-001
 0.49321219E+000 -0.53363569E-001
 0.47658366E+000 -0.54356616E-001
 0.46015450E+000 -0.55273794E-001
 0.44394374E+000 -0.56113064E-001
 0.42796826E+000 -0.56872744E-001
 0.41224608E+000 -0.57551403E-001
 0.39679408E+000 -0.58147959E-001
 0.38162574E+000 -0.58661785E-001
 0.36675555E+000 -0.59092566E-001
 0.35219523E+000 -0.59440367E-001
 0.33795679E+000 -0.59705615E-001
 0.32404667E+000 -0.59889149E-001
 0.31047589E+000 -0.59992045E-001
 0.29725099E+000 -0.60015779E-001
 0.28437701E+000 -0.59962101E-001
 0.27185795E+000 -0.59833046E-001
 0.25969809E+000 -0.59630893E-001
 0.24789898E+000 -0.59358150E-001
 0.23646131E+000 -0.59017498E-001
 0.22538491E+000 -0.58611806E-001
 0.21466872E+000 -0.58144048E-001
 0.20431083E+000 -0.57617329E-001
 0.19430846E+000 -0.57034820E-001
 0.18465783E+000 -0.56399733E-001
 0.17535461E+000 -0.55715304E-001
 0.16639391E+000 -0.54984778E-001
 0.15777004E+000 -0.54211359E-001
 0.14947699E+000 -0.53398229E-001
 0.14150825E+000 -0.52548502E-001
 0.13385688E+000 -0.51665198E-001
 0.12651564E+000 -0.50751265E-001
 0.11947704E+000 -0.49809549E-001
 0.11273328E+000 -0.48842765E-001
 0.10627650E+000 -0.47853541E-001
 0.10009862E+000 -0.46844345E-001
 0.94191507E-001 -0.45817535E-001
 0.88546962E-001 -0.44775333E-001
 0.83156809E-001 -0.43719821E-001
 0.78012913E-001 -0.42652968E-001
 0.73107116E-001 -0.41576587E-001
 0.68431385E-001 -0.40492371E-001
 0.63977785E-001 -0.39401870E-001
 0.59738528E-001 -0.38306538E-001
 0.55705968E-001 -0.37207697E-001
 0.51872600E-001 -0.36106538E-001
 0.48231132E-001 -0.35004169E-001
 0.44774413E-001 -0.33901565E-001
 0.41495536E-001 -0.32799624E-001
 0.38387790E-001 -0.31699147E-001
 0.35444736E-001 -0.30600857E-001
 0.32660078E-001 -0.29505385E-001
 0.30027820E-001 -0.28413309E-001
 0.27542187E-001 -0.27325142E-001
 0.25197642E-001 -0.26241347E-001
 0.22988893E-001 -0.25162352E-001
 0.20910883E-001 -0.24088548E-001
 0.18958811E-001 -0.23020320E-001
 0.17128106E-001 -0.21958044E-001
 0.15414434E-001 -0.20902118E-001
 0.13813679E-001 -0.19852960E-001
 0.12321948E-001 -0.18811051E-001
 0.10935542E-001 -0.17776929E-001
 0.96509503E-002 -0.16751233E-001
 0.84648067E-002 -0.15734710E-001
 0.73738727E-002 -0.14728241E-001
 0.63749989E-002 -0.13732860E-001
 0.54650693E-002 -0.12749767E-001
 0.46409676E-002 -0.11780342E-001
 0.38995037E-002 -0.10826132E-001
 0.32373723E-002 -0.98888436E-002
 0.26510954E-002 -0.89703109E-002
 0.21369830E-002 -0.80724517E-002
 0.16911029E-002 -0.71972059E-002
 0.13092789E-002 -0.63464683E-002
 0.98710356E-003 -0.55220095E-002
 0.71998552E-003 -0.47254101E-002
 0.50320802E-003 -0.39579947E-002
 0.33200826E-003 -0.32207833E-002
 0.20166115E-003 -0.25144669E-002
 0.10756638E-003 -0.18393974E-002
 0.45380559E-004 -0.11961096E-002
 0.10812054E-004 -0.58342662E-003
 0.00000000E+000  0.00000000E+000
 0.10812054E-004  0.58342662E-003
 0.45380559E-004  0.11961096E-002
 0.10756638E-003  0.18393974E-002
 0.20166115E-003  0.25144669E-002
 0.33200826E-003  0.32207833E-002
 0.50320802E-003  0.39579947E-002
 0.71998552E-003  0.47254101E-002
 0.98710356E-003  0.55220095E-002
 0.13092789E-002  0.63464683E-002
 0.16911029E-002  0.71972059E-002
 0.21369830E-002  0.80724517E-002
 0.26510954E-002  0.89703109E-002
 0.32373723E-002  0.98888436E-002
 0.38995037E-002  0.10826132E-001
 0.46409676E-002  0.11780342E-001
 0.54650693E-002  0.12749767E-001
 0.63749989E-002  0.13732860E-001
 0.73738727E-002  0.14728241E-001
 0.84648067E-002  0.15734710E-001
 0.96509503E-002  0.16751233E-001
 0.10935542E-001  0.17776929E-001
 0.12321948E-001  0.18811051E-001
 0.13813679E-001  0.19852960E-001
 0.15414434E-001  0.20902118E-001
 0.17128106E-001  0.21958044E-001
 0.18958811E-001  0.23020320E-001
 0.20910883E-001  0.24088548E-001
 0.22988893E-001  0.25162352E-001
 0.25197642E-001  0.26241347E-001
 0.27542187E-001  0.27325142E-001
 0.30027820E-001  0.28413309E-001
 0.32660078E-001  0.29505385E-001
 0.35444736E-001  0.30600857E-001
 0.38387790E-001  0.31699147E-001
 0.41495536E-001  0.32799624E-001
 0.44774413E-001  0.33901565E-001
 0.48231132E-001  0.35004169E-001
 0.51872600E-001  0.36106538E-001
 0.55705968E-001  0.37207697E-001
 0.59738528E-001  0.38306538E-001
 0.63977785E-001  0.39401870E-001
 0.68431385E-001  0.40492371E-001
 0.73107116E-001  0.41576587E-001
 0.78012913E-001  0.42652968E-001
 0.83156809E-001  0.43719821E-001
 0.88546962E-001  0.44775333E-001
 0.94191507E-001  0.45817535E-001
 0.10009862E+000  0.46844345E-001
 0.10627650E+000  0.47853541E-001
 0.11273328E+000  0.48842765E-001
 0.11947704E+000  0.49809549E-001
 0.12651564E+000  0.50751265E-001
 0.13385688E+000  0.51665198E-001
 0.14150825E+000  0.52548502E-001
 0.14947699E+000  0.53398229E-001
 0.15777004E+000  0.54211359E-001
 0.16639391E+000  0.54984778E-001
 0.17535461E+000  0.55715304E-001
 0.18465783E+000  0.56399733E-001
 0.19430846E+000  0.57034820E-001
 0.20431083E+000  0.57617329E-001
 0.21466872E+000  0.58144048E-001
 0.22538491E+000  0.58611806E-001
 0.23646131E+000  0.59017498E-001
 0.24789898E+000  0.59358150E-001
 0.25969809E+000  0.59630893E-001
 0.27185795E+000  0.59833046E-001
 0.28437701E+000  0.59962101E-001
 0.29725099E+000  0.60015779E-001
 0.31047589E+000  0.59992045E-001
 0.32404667E+000  0.59889149E-001
 0.33795679E+000  0.59705615E-001
 0.35219523E+000  0.59440367E-001
 0.36675555E+000  0.59092566E-001
 0.38162574E+000  0.58661785E-001
 0.39679408E+000  0.58147959E-001
 0.41224608E+000  0.57551403E-001
 0.42796826E+000  0.56872744E-001
 0.44394374E+000  0.56113064E-001
 0.46015450E+000  0.55273794E-001
 0.47658366E+000  0.54356616E-001
 0.49321219E+000  0.53363569E-001
 0.51001483E+000  0.52297350E-001
 0.52697474E+000  0.51160362E-001
 0.54406857E+000  0.49955606E-001
 0.56127042E+000  0.48686475E-001
 0.57856286E+000  0.47355887E-001
 0.59591186E+000  0.45968167E-001
 0.61330259E+000  0.44526231E-001
 0.63070410E+000  0.43034401E-001
 0.64809418E+000  0.41496336E-001
 0.66544884E+000  0.39915878E-001
 0.68273902E+000  0.38297404E-001
 0.69994754E+000  0.36644183E-001
 0.71704227E+000  0.34960940E-001
 0.73400694E+000  0.33250868E-001
 0.75081629E+000  0.31518053E-001
 0.76744747E+000  0.29766355E-001
 0.78388470E+000  0.27998893E-001
 0.80010003E+000  0.26220111E-001
