 6
 0  5          0          0
 0.00000000E+000  0.10000000E-002
 0.99999998E-002  0.91399997E+000  0.00000000E+000
 0.50930000E+002  0.95610000E+005  0.25514999E+003
 0.14500001E-002  0.16500000E-003  0.10000000E+004  0.71999997E-001  0.17920000E-002  0.67200000E+003
 0.10000000E+001          4      20000       1000      50000
  2  0.10000000E+000  0.10000000E+000  0.10000000E+003
  4 T F
  2 F
  1  1  1  0  0  1
 0.28710001E+003  0.14000000E+001  0.72000003E+000  0.89999998E+000  0.50000000E+003  0.90000004E-001
 0.18200000E-004  0.27314999E+003  0.11700000E+003
 0.00000000E+000  0.00000000E+000  0.00000000E+000
 0.29999999E-001    1000000     100000        100     100000      50000
         0         0         0         0
 0.00000000E+000  0.00000000E+000  0.00000000E+000  0.00000000E+000  0.00000000E+000
