     0.000000     0.000000     0.000000     0.000000   100944.360   293.000000
     0.001000     0.000000     0.000000     0.000000   121673.278   379.865822
     0.002000     0.000000     0.000000     0.000000   131092.569   431.016858
     0.003000     0.000000     0.000000     0.000000   139534.536   478.641153
     0.004000     0.000000     0.000000     0.000000   158525.692   546.614900
     0.005000     0.000000     0.000000     0.000000   184384.869   606.604898
     0.006000     0.000000     0.000000     0.000000   205783.021   663.886887
     0.007000     0.000000     0.000000     0.000000   221224.901   690.018800
     0.008000     0.000000     0.000000     0.000000   231605.903   697.480710
     0.009000     0.000000     0.000000     0.000000   238712.924   699.255803
     0.010000     0.000000     0.000000     0.000000   229690.786   689.518558
     0.011000     0.000000     0.000000     0.000000   236415.975   688.593730
     0.012000     0.000000     0.000000     0.000000   241719.354   686.970254
     0.013000     0.000000     0.000000     0.000000   256215.759   690.290383
     0.014000     0.000000     0.000000     0.000000   274776.748   696.547606
     0.015000     0.000000     0.000000     0.000000   300479.285   705.202898
     0.016000     0.000000     0.000000     0.000000   329633.649   713.709180
     0.017000     0.000000     0.000000     0.000000   362498.972   724.278748
     0.018000     0.000000     0.000000     0.000000   393416.654   730.920228
     0.019000     0.000000     0.000000     0.000000   414781.298   732.524662
     0.020000     0.000000     0.000000     0.000000   430671.331   733.106977
     0.021000     0.000000     0.000000     0.000000   441663.729   732.895731
     0.022000     0.000000     0.000000     0.000000   449524.384   732.044953
     0.023000     0.000000     0.000000     0.000000   455276.771   731.328134
     0.024000     0.000000     0.000000     0.000000   458966.864   729.925750
     0.025000     0.000000     0.000000     0.000000   462185.598   728.912290
     0.026000     0.000000     0.000000     0.000000   464012.586   727.684709
     0.027000     0.000000     0.000000     0.000000   465777.169   726.386501
     0.028000     0.000000     0.000000     0.000000   467022.115   725.032877
     0.029000     0.000000     0.000000     0.000000   468609.024   724.115931
     0.030000     0.000000     0.000000     0.000000   470195.896   723.198897
     0.000000     0.000061   995.204709     0.000000   100944.360   293.000000
     0.001000     0.000061   773.357085    26.247519   121673.278   379.865822
     0.002000     0.000061   452.617883    23.430963   131092.569   431.016858
     0.003000     0.000061   208.003529    13.391988   139534.536   478.641153
     0.004000     0.000061    76.665905     8.015599   158525.692   546.614900
     0.005000     0.000061    -4.949717     3.934719   184384.869   606.604898
     0.006000     0.000061   -40.660136     1.630801   205783.021   663.886887
     0.007000     0.000061   -50.044245    -0.114782   221224.901   690.018800
     0.008000     0.000061   -43.549538    -0.857479   231605.903   697.480710
     0.009000     0.000061   -27.284581    -0.956732   238712.924   699.255803
     0.010000     0.000061   -30.665058     1.756229   229690.786   689.518558
     0.011000     0.000061   -58.852054     1.538120   236415.975   688.593730
     0.012000     0.000061   -78.410597     1.503856   241719.354   686.970254
     0.013000     0.000061   -94.808820     1.322529   256215.759   690.290383
     0.014000     0.000061  -106.287114     1.292495   274776.748   696.547606
     0.015000     0.000061  -108.849420     0.477643   300479.285   705.202898
     0.016000     0.000061   -97.968639    -0.676827   329633.649   713.709180
     0.017000     0.000061   -74.003894    -1.830725   362498.972   724.278748
     0.018000     0.000061   -43.374201    -1.921711   393416.654   730.920228
     0.019000     0.000061   -15.172113    -1.561178   414781.298   732.524662
     0.020000     0.000061     5.399690    -1.216503   430671.331   733.106977
     0.021000     0.000061    20.666251    -0.919157   441663.729   732.895731
     0.022000     0.000061    31.982787    -0.701269   449524.384   732.044953
     0.023000     0.000061    40.437459    -0.496635   455276.771   731.328134
     0.024000     0.000061    45.921501    -0.347239   458966.864   729.925750
     0.025000     0.000061    50.009367    -0.231017   462185.598   728.912290
     0.026000     0.000061    52.156131    -0.132082   464012.586   727.684709
     0.027000     0.000061    53.626787    -0.057309   465777.169   726.386501
     0.028000     0.000061    53.307270     0.049707   467022.115   725.032877
     0.029000     0.000061    52.315011     0.008174   468609.024   724.115931
     0.030000     0.000061    51.322751    -0.033360   470195.933   723.198985
     0.000000     0.000128   995.204709     0.000000   100944.360   293.000000
     0.001000     0.000128   922.265542    31.816854   118022.368   336.610625
     0.002000     0.000128   776.083488    44.265515   130923.711   393.524909
     0.003000     0.000128   500.975694    30.194980   141893.603   462.194540
     0.004000     0.000128   210.172833    18.368120   160374.053   539.536814
     0.005000     0.000128    39.224016     9.176656   185532.269   608.092107
     0.006000     0.000128   -45.071147     3.784201   206285.262   664.901020
     0.007000     0.000128   -73.045817     0.222002   221514.954   689.344478
     0.008000     0.000128   -74.710821    -1.775310   231511.127   696.009813
     0.009000     0.000128   -58.580864    -1.999624   238621.813   698.568909
     0.010000     0.000128   -65.140193     3.646647   229847.148   688.820195
     0.011000     0.000128  -109.539476     3.527505   236832.505   686.886249
     0.012000     0.000128  -147.892205     3.309968   242009.088   684.976338
     0.013000     0.000128  -168.075475     3.030363   256489.147   688.046566
     0.014000     0.000128  -173.490957     2.301364   274800.507   693.451471
     0.015000     0.000128  -158.295917     0.198788   300077.442   702.500658
     0.016000     0.000128  -127.783461    -1.756521   329144.055   712.662569
     0.017000     0.000128   -86.819192    -3.947700   362024.611   724.605422
     0.018000     0.000128   -33.844981    -4.264325   392768.749   731.731402
     0.019000     0.000128     8.876417    -3.388626   414320.872   732.951855
     0.020000     0.000128    40.275389    -2.636535   430301.339   732.938082
     0.021000     0.000128    63.688584    -1.997471   441368.709   732.136610
     0.022000     0.000128    81.294265    -1.526920   449289.698   730.695120
     0.023000     0.000128    94.613041    -1.091087   455095.119   729.438516
     0.024000     0.000128   103.836365    -0.772101   458826.250   727.872478
     0.025000     0.000128   110.766616    -0.519334   462083.641   726.605309
     0.026000     0.000128   114.817416    -0.301651   463947.784   725.308396
     0.027000     0.000128   117.257653    -0.137099   465739.608   724.257433
     0.028000     0.000128   117.899763     0.049618   466999.371   723.131053
     0.029000     0.000128   116.998349     0.064251   468517.946   722.355110
     0.030000     0.000128   116.096935     0.078884   470036.521   721.579168
     0.000000     0.000201   995.204709     0.000000   100944.360   293.000000
     0.001000     0.000201   967.679349    30.073578   115843.269   313.136679
     0.002000     0.000201   905.526892    50.785151   128374.657   347.635845
     0.003000     0.000201   763.016223    54.249088   139647.917   407.843931
     0.004000     0.000201   454.962616    44.906324   159341.435   509.234260
     0.005000     0.000201   150.114256    23.623782   185892.425   598.861991
     0.006000     0.000201    -9.850439     9.751595   206646.826   661.465379
     0.007000     0.000201   -73.505573     2.349949   221532.665   688.371501
     0.008000     0.000201   -89.512633    -1.796036   231817.869   695.466934
     0.009000     0.000201   -87.927050    -2.558488   238773.605   697.321972
     0.010000     0.000201  -102.787101     6.692856   229895.270   687.254061
     0.011000     0.000201  -159.263782     7.593966   236559.191   684.244983
     0.012000     0.000201  -197.713197     6.020997   241779.672   681.458502
     0.013000     0.000201  -203.389907     4.021696   256180.733   685.525642
     0.014000     0.000201  -188.012975     2.105245   274322.546   692.393739
     0.015000     0.000201  -155.408037    -1.796176   299994.915   703.430716
     0.016000     0.000201  -100.455059    -5.095850   329005.761   714.170583
     0.017000     0.000201   -35.302894    -8.175884   361837.183   725.791773
     0.018000     0.000201    28.455448    -8.488558   393190.357   731.176222
     0.019000     0.000201    72.344921    -6.555090   414611.828   730.765173
     0.020000     0.000201   105.727144    -5.114539   430537.642   729.369847
     0.021000     0.000201   131.118657    -3.913768   441556.826   727.466728
     0.022000     0.000201   150.591382    -3.011398   449438.790   725.177591
     0.023000     0.000201   165.408273    -2.179394   455203.713   723.236406
     0.024000     0.000201   175.690713    -1.565927   458905.592   721.210598
     0.025000     0.000201   183.252554    -1.054878   462137.937   719.663683
     0.026000     0.000201   187.336698    -0.608048   463984.776   718.215296
     0.027000     0.000201   189.409336    -0.287042   465759.306   717.065689
     0.028000     0.000201   189.468001     0.025479   467002.398   716.081076
     0.029000     0.000201   188.115714     0.097094   468464.822   715.471420
     0.030000     0.000201   186.763426     0.168708   469927.245   714.861764
     0.000000     0.000282   995.204709     0.000000   100944.360   293.000000
     0.001000     0.000282   987.195621    26.474805   113635.290   305.148908
     0.002000     0.000282   956.834089    50.663822   126260.068   323.036177
     0.003000     0.000282   890.911352    63.010144   137569.417   358.279013
     0.004000     0.000282   698.166617    72.136430   157333.369   444.850890
     0.005000     0.000282   350.074925    48.298600   187299.650   574.945871
     0.006000     0.000282    82.303109    21.635390   207710.662   655.005318
     0.007000     0.000282   -44.788574     6.474350   222253.914   687.712198
     0.008000     0.000282   -92.573310    -0.379324   232020.881   694.497593
     0.009000     0.000282  -106.678412    -2.303567   239142.106   696.133955
     0.010000     0.000282  -135.711631    11.022832   230028.161   685.616962
     0.011000     0.000282  -187.812268    11.061295   236495.735   682.217373
     0.012000     0.000282  -204.744664     7.991508   241776.267   681.387384
     0.013000     0.000282  -194.419956     3.632923   255687.628   687.876978
     0.014000     0.000282  -156.908221    -0.205599   273978.427   694.937061
     0.015000     0.000282   -90.816688    -5.656398   299166.438   706.178263
     0.016000     0.000282    -7.039490   -10.659141   328333.970   713.837167
     0.017000     0.000282    75.134164   -14.235953   361738.628   721.053264
     0.018000     0.000282   140.244933   -12.681019   392823.276   723.683173
     0.019000     0.000282   179.910934    -9.659882   414393.361   721.206860
     0.020000     0.000282   208.693718    -7.506938   430418.570   717.891633
     0.021000     0.000282   229.760031    -5.750435   441486.599   714.848655
     0.022000     0.000282   245.704598    -4.425364   449396.055   711.816776
     0.023000     0.000282   257.634259    -3.238289   455123.084   709.348558
     0.024000     0.000282   266.212538    -2.329072   458836.016   707.224406
     0.025000     0.000282   272.361004    -1.546276   462092.241   705.579562
     0.026000     0.000282   275.412737    -0.942552   463879.339   704.309998
     0.027000     0.000282   277.406777    -0.446215   465699.689   703.530371
     0.028000     0.000282   276.599831     0.020944   467002.880   703.001790
     0.029000     0.000282   275.097787     0.162922   468369.749   702.757668
     0.030000     0.000282   273.595744     0.304900   469736.617   702.513546
     0.000000     0.000371   995.204709     0.000000   100944.360   293.000000
     0.001000     0.000371   986.957342    22.255693   111163.142   301.586743
     0.002000     0.000371   975.832188    47.211957   124161.396   313.713990
     0.003000     0.000371   944.294094    64.311987   135206.720   331.509641
     0.004000     0.000371   846.133590    84.631988   153881.184   385.228013
     0.005000     0.000371   578.276117    84.482581   183265.961   508.948588
     0.006000     0.000371   237.583659    45.894831   208216.638   630.627593
     0.007000     0.000371    28.883055    17.170726   222630.744   683.933705
     0.008000     0.000371   -68.200588     3.456902   232457.542   695.905780
     0.009000     0.000371  -108.768389    -0.494524   239658.498   696.026590
     0.010000     0.000371  -156.506930    16.642259   229664.140   683.700844
     0.011000     0.000371  -183.813037    12.936019   236338.255   682.696703
     0.012000     0.000371  -183.039311     8.158475   241308.463   684.104814
     0.013000     0.000371  -153.271820     0.754163   255420.506   692.644157
     0.014000     0.000371   -78.659129    -5.690589   273354.053   698.725172
     0.015000     0.000371    17.429348   -14.176574   299178.744   704.705914
     0.016000     0.000371   122.612244   -20.164141   328267.068   705.116240
     0.017000     0.000371   216.831060   -21.660743   361323.573   703.999163
     0.018000     0.000371   279.861204   -18.012839   392636.197   700.081279
     0.019000     0.000371   315.687381   -13.245994   414200.378   695.008604
     0.020000     0.000371   339.987167   -10.065271   430315.656   690.494531
     0.021000     0.000371   355.992325    -7.567508   441407.502   686.950845
     0.022000     0.000371   367.048839    -5.689923   449319.515   684.037946
     0.023000     0.000371   373.735123    -4.072175   455109.583   682.028988
     0.024000     0.000371   377.134153    -2.918476   458790.275   680.511411
     0.025000     0.000371   378.897752    -1.928760   462023.673   679.716298
     0.026000     0.000371   377.846857    -1.058849   463958.270   679.303437
     0.027000     0.000371   375.641877    -0.449198   465786.404   679.275027
     0.028000     0.000371   372.861191     0.108200   467071.771   679.572715
     0.029000     0.000371   369.632296     0.279994   468362.683   680.064577
     0.030000     0.000371   366.403401     0.451789   469653.594   680.556440
     0.000000     0.000469   995.204709     0.000000   100944.360   293.000000
     0.001000     0.000469   988.194027    17.718789   109008.927   299.546820
     0.002000     0.000469   979.874813    42.262358   121265.989   309.452362
     0.003000     0.000469   964.768040    62.245822   132915.736   320.749457
     0.004000     0.000469   916.055889    86.451874   150144.282   348.784712
     0.005000     0.000469   762.698172   108.930942   179482.270   436.704193
     0.006000     0.000469   453.092722    79.331047   209403.544   580.268509
     0.007000     0.000469   155.058090    36.236791   223934.986   669.093927
     0.008000     0.000469   -10.744737    12.247885   232934.387   695.294802
     0.009000     0.000469   -86.028954     4.000852   240181.873   696.830497
     0.010000     0.000469  -146.689500    21.207675   229330.418   684.367764
     0.011000     0.000469  -157.322912    13.129923   235974.022   685.851770
     0.012000     0.000469  -136.595182     6.565132   240639.736   689.787347
     0.013000     0.000469   -72.214766    -5.244627   254724.252   700.338233
     0.014000     0.000469    32.495457   -16.012292   273200.813   697.140380
     0.015000     0.000469   154.327627   -25.645720   298230.918   691.626821
     0.016000     0.000469   272.027620   -31.953832   327406.633   681.801689
     0.017000     0.000469   370.568693   -30.884046   360709.079   671.684451
     0.018000     0.000469   429.757123   -23.865349   391568.264   660.080045
     0.019000     0.000469   459.518905   -16.944241   413491.812   652.133930
     0.020000     0.000469   478.773404   -12.529268   429844.353   646.018879
     0.021000     0.000469   490.067767    -9.239127   441086.837   642.349731
     0.022000     0.000469   498.487660    -6.758589   449083.339   639.491540
     0.023000     0.000469   501.402468    -4.680237   454933.000   638.480687
     0.024000     0.000469   503.846567    -3.186861   458719.359   637.803062
     0.025000     0.000469   501.608264    -1.965241   462057.574   638.533861
     0.026000     0.000469   498.630390    -0.904127   463983.563   639.664953
     0.027000     0.000469   494.269936    -0.129823   465770.808   641.175554
     0.028000     0.000469   488.940937     0.553095   467058.786   642.861653
     0.029000     0.000469   483.072441     0.734830   468287.911   644.648597
     0.030000     0.000469   477.203946     0.916566   469517.035   646.435541
     0.000000     0.000577   995.204709     0.000000   100944.360   293.000000
     0.001000     0.000577   989.879146    13.555634   107058.967   297.939425
     0.002000     0.000577   980.965994    35.929064   117943.569   306.490510
     0.003000     0.000577   972.706752    58.256550   130181.367   316.062174
     0.004000     0.000577   946.676191    83.776436   146433.079   332.458977
     0.005000     0.000577   862.367393   115.637991   173702.148   382.199861
     0.006000     0.000577   656.513236   117.304365   204310.092   498.080635
     0.007000     0.000577   345.351031    70.175059   224953.834   630.675984
     0.008000     0.000577    96.538077    28.953435   233976.957   689.585711
     0.009000     0.000577   -31.897638    12.287271   240910.060   699.002191
     0.010000     0.000577  -111.737238    25.172254   229116.098   686.708536
     0.011000     0.000577  -112.791588    12.192365   235591.559   690.402843
     0.012000     0.000577   -65.566780     0.760651   240476.883   696.799310
     0.013000     0.000577    32.770794   -16.649659   254457.966   697.527850
     0.014000     0.000577   165.878721   -30.153538   272348.351   684.760406
     0.015000     0.000577   302.274465   -42.164004   297855.476   666.953059
     0.016000     0.000577   431.418497   -46.771089   326716.455   645.347481
     0.017000     0.000577   515.608102   -41.328427   359663.583   626.024917
     0.018000     0.000577   558.045974   -30.407143   390007.757   608.829860
     0.019000     0.000577   579.403666   -20.974435   412517.148   599.378294
     0.020000     0.000577   592.479553   -15.103215   429131.457   592.782950
     0.021000     0.000577   600.563355   -10.853814   440517.772   588.918268
     0.022000     0.000577   605.665194    -7.733940   448637.668   586.335126
     0.023000     0.000577   607.932267    -5.196903   454589.705   585.588959
     0.024000     0.000577   608.797738    -3.364129   458504.550   585.502298
     0.025000     0.000577   607.390764    -1.816546   461751.081   586.924230
     0.026000     0.000577   604.892140    -0.451046   463739.212   588.611036
     0.027000     0.000577   601.375378     0.407875   465546.661   590.874109
     0.028000     0.000577   596.962220     1.212511   466885.748   593.554586
     0.029000     0.000577   591.975632     1.417957   468082.572   596.431124
     0.030000     0.000577   586.989045     1.623403   469279.395   599.307661
     0.000000     0.000695   995.204709     0.000000   100944.360   293.000000
     0.001000     0.000695   991.344432    10.031960   105434.872   296.639903
     0.002000     0.000695   983.444033    29.159343   114564.782   303.845369
     0.003000     0.000695   973.822307    52.433875   126672.194   312.894115
     0.004000     0.000695   962.133061    78.771447   142622.114   325.263116
     0.005000     0.000695   913.116180   113.491873   168483.233   354.294857
     0.006000     0.000695   792.397232   137.244258   198614.711   427.852367
     0.007000     0.000695   550.630076   110.515627   223711.484   557.188831
     0.008000     0.000695   254.775387    58.547210   234728.898   660.992939
     0.009000     0.000695    61.520569    27.329602   241414.139   695.903114
     0.010000     0.000695   -46.273882    29.346741   229251.432   691.909490
     0.011000     0.000695   -43.589187     9.325532   235714.103   696.345649
     0.012000     0.000695    29.990569    -8.856570   239985.797   698.104809
     0.013000     0.000695   158.738798   -32.697290   253624.465   684.385454
     0.014000     0.000695   312.134728   -49.871907   271671.223   657.749195
     0.015000     0.000695   460.193925   -61.338885   296096.569   626.010746
     0.016000     0.000695   573.910659   -61.893420   325459.001   594.721005
     0.017000     0.000695   630.132039   -51.382339   356874.402   567.266670
     0.018000     0.000695   657.086104   -36.802226   386994.984   549.645577
     0.019000     0.000695   671.071272   -25.014662   410548.045   542.552792
     0.020000     0.000695   678.489889   -17.657609   427799.525   538.652534
     0.021000     0.000695   683.215752   -12.459435   439555.958   536.747741
     0.022000     0.000695   685.749985    -8.721262   447902.299   535.670958
     0.023000     0.000695   687.038483    -5.732691   454026.173   535.653939
     0.024000     0.000695   687.071372    -3.518312   458016.095   536.060310
     0.025000     0.000695   686.260160    -1.809576   461401.445   537.438503
     0.026000     0.000695   684.392496    -0.234856   463417.631   538.950345
     0.027000     0.000695   681.936904     0.795524   465358.338   540.977608
     0.028000     0.000695   678.989032     1.770471   466811.377   543.388137
     0.029000     0.000695   675.741305     1.976766   467966.064   546.011678
     0.030000     0.000695   672.493577     2.183061   469120.752   548.635220
     0.000000     0.000826   995.204709     0.000000   100944.360   293.000000
     0.001000     0.000826   992.479530     7.167056   104132.833   295.602692
     0.002000     0.000826   986.248311    22.614486   111346.068   301.354408
     0.003000     0.000826   976.513983    45.071329   122761.113   309.959378
     0.004000     0.000826   964.511573    72.057344   137914.579   320.779370
     0.005000     0.000826   939.252028   106.887013   162887.809   340.830753
     0.006000     0.000826   868.260495   142.528130   192090.617   383.016268
     0.007000     0.000826   718.841147   142.939851   220001.161   475.990857
     0.008000     0.000826   460.436149    99.272913   236189.892   604.091341
     0.009000     0.000826   203.333337    51.631810   242409.150   676.961145
     0.010000     0.000826    55.941894    36.369320   229405.719   691.147362
     0.011000     0.000826    56.658331     5.682962   235554.251   696.053050
     0.012000     0.000826   147.068353   -23.785616   240164.451   686.965287
     0.013000     0.000826   302.597165   -55.425044   252831.037   656.344252
     0.014000     0.000826   470.618213   -73.784936   269888.019   614.061659
     0.015000     0.000826   605.456508   -81.902424   294707.062   572.339315
     0.016000     0.000826   679.199574   -75.716446   322525.074   533.349747
     0.017000     0.000826   712.879708   -60.949381   352191.207   510.716587
     0.018000     0.000826   729.591602   -43.519813   382282.343   502.465588
     0.019000     0.000826   736.644588   -29.376886   407443.299   500.894759
     0.020000     0.000826   739.273966   -20.365436   425719.209   500.413549
     0.021000     0.000826   740.979912   -14.167298   438085.854   500.629928
     0.022000     0.000826   741.465961    -9.813662   446802.561   500.772246
     0.023000     0.000826   741.756270    -6.373862   453186.706   501.482615
     0.024000     0.000826   741.102894    -3.846778   457377.164   502.011862
     0.025000     0.000826   740.540791    -1.907448   460850.674   503.170343
     0.026000     0.000826   739.117561    -0.150217   462970.144   504.238903
     0.027000     0.000826   737.385852     0.942741   464989.846   505.595103
     0.028000     0.000826   735.418542     2.057160   466559.942   507.136967
     0.029000     0.000826   733.312801     2.371479   467871.543   508.786668
     0.030000     0.000826   731.207061     2.685799   469183.144   510.436370
     0.000000     0.000969   995.204709     0.000000   100944.360   293.000000
     0.001000     0.000969   993.345506     4.931866   103128.139   294.798658
     0.002000     0.000969   988.783212    16.529157   108447.811   299.089926
     0.003000     0.000969   980.097560    36.974252   118501.602   306.831709
     0.004000     0.000969   967.980509    63.415594   132922.688   317.128140
     0.005000     0.000969   953.171402    98.976241   155886.353   333.227855
     0.006000     0.000969   906.527292   138.330917   186198.414   360.908619
     0.007000     0.000969   818.652275   157.909402   213563.102   414.704081
     0.008000     0.000969   649.043072   139.069467   233772.830   518.536064
     0.009000     0.000969   397.719938    89.905038   243078.788   627.276408
     0.010000     0.000969   203.143866    48.685324   230719.767   675.542432
     0.011000     0.000969   198.103939     3.014381   237363.782   685.475867
     0.012000     0.000969   302.388138   -42.111196   240459.743   659.333892
     0.013000     0.000969   465.981576   -83.505376   251761.570   609.935479
     0.014000     0.000969   620.662465   -99.944268   267989.930   556.612516
     0.015000     0.000969   709.934123   -99.246681   291716.704   509.067568
     0.016000     0.000969   752.156179   -88.258965   317375.129   481.515800
     0.017000     0.000969   771.697865   -70.546555   345386.758   471.406711
     0.018000     0.000969   779.894905   -50.962174   375711.507   470.328795
     0.019000     0.000969   780.963348   -34.290583   402902.020   473.124942
     0.020000     0.000969   779.804817   -23.381663   422691.267   475.531875
     0.021000     0.000969   778.838602   -16.075540   436009.039   477.463511
     0.022000     0.000969   777.894179   -11.065615   445291.839   478.706580
     0.023000     0.000969   776.986754    -7.170088   452059.219   480.016881
     0.024000     0.000969   776.104203    -4.328373   456532.731   480.815371
     0.025000     0.000969   775.145246    -2.166897   460147.447   481.900450
     0.026000     0.000969   774.180147    -0.232552   462426.788   482.751723
     0.027000     0.000969   772.889246     0.924566   464560.014   483.728432
     0.028000     0.000969   771.500314     2.143480   466235.075   484.749161
     0.029000     0.000969   770.103447     2.486505   467654.578   485.799979
     0.030000     0.000969   768.706580     2.829529   469074.081   486.850797
     0.000000     0.001127   995.204709     0.000000   100944.360   293.000000
     0.001000     0.001127   993.983580     3.260937   102383.379   294.192072
     0.002000     0.001127   990.815900    11.460521   106092.199   297.215001
     0.003000     0.001127   983.756807    28.632408   114292.866   303.665016
     0.004000     0.001127   972.484720    53.708025   127429.781   313.284823
     0.005000     0.001127   956.439290    88.437579   148073.865   327.347654
     0.006000     0.001127   930.410199   128.775106   179548.728   349.567287
     0.007000     0.001127   874.909903   161.489993   207205.363   381.568571
     0.008000     0.001127   775.208115   163.158303   231083.746   446.505585
     0.009000     0.001127   600.630145   129.630204   244050.446   547.949189
     0.010000     0.001127   393.475717    68.588161   235768.724   629.807917
     0.011000     0.001127   374.345842     3.042630   241574.541   642.011797
     0.012000     0.001127   478.738127   -66.900606   241661.857   604.865298
     0.013000     0.001127   620.014058  -113.332791   250890.451   548.055827
     0.014000     0.001127   729.745421  -121.261101   264883.089   491.422719
     0.015000     0.001127   779.224854  -114.481727   286710.082   460.263368
     0.016000     0.001127   801.865041   -99.963161   310046.675   447.415230
     0.017000     0.001127   811.940241   -80.673157   336553.855   445.348831
     0.018000     0.001127   813.056680   -59.418916   366980.226   449.204318
     0.019000     0.001127   809.493610   -40.031585   396551.294   455.454603
     0.020000     0.001127   805.168857   -26.898377   418458.291   460.281478
     0.021000     0.001127   802.125595   -18.284192   433183.988   463.608454
     0.022000     0.001127   799.861180   -12.527988   443292.348   465.827577
     0.023000     0.001127   798.179887    -8.091689   450525.202   467.566283
     0.024000     0.001127   796.829085    -4.926767   455403.479   468.728171
     0.025000     0.001127   795.719500    -2.550440   459239.436   469.811069
     0.026000     0.001127   794.738753    -0.454607   461742.448   470.609703
     0.027000     0.001127   793.751786     0.769205   464055.322   471.429417
     0.028000     0.001127   792.735632     2.079349   465859.494   472.189370
     0.029000     0.001127   791.698911     2.457237   467448.837   472.938828
     0.030000     0.001127   790.662191     2.835125   469038.181   473.688287
     0.000000     0.001300   995.204709     0.000000   100944.360   293.000000
     0.001000     0.001300   994.434848     2.066194   101854.220   293.756996
     0.002000     0.001300   992.353289     7.530062   104300.381   295.768132
     0.003000     0.001300   987.113045    20.648228   110409.501   300.653062
     0.004000     0.001300   977.377320    43.123286   121725.770   309.200155
     0.005000     0.001300   961.749055    75.593783   140240.429   322.064909
     0.006000     0.001300   942.337301   117.861881   169597.752   341.314817
     0.007000     0.001300   903.977891   156.581829   201202.556   365.285812
     0.008000     0.001300   844.629950   171.690822   224685.995   401.063055
     0.009000     0.001300   744.067525   155.756199   245505.551   471.146358
     0.010000     0.001300   595.470036    91.580512   246755.153   560.587021
     0.011000     0.001300   573.307714     6.994029   251643.131   571.704460
     0.012000     0.001300   644.819146   -82.261067   252242.672   535.970641
     0.013000     0.001300   736.466617  -137.068634   249475.375   480.976891
     0.014000     0.001300   798.963758  -138.103214   260883.722   443.287458
     0.015000     0.001300   823.625221  -128.099079   279469.484   428.790230
     0.016000     0.001300   835.289639  -111.792267   300565.883   425.040239
     0.017000     0.001300   837.914124   -91.618118   325917.108   428.252046
     0.018000     0.001300   833.973750   -69.127241   355966.993   435.339909
     0.019000     0.001300   827.229317   -47.085399   387897.359   444.314321
     0.020000     0.001300   820.207273   -31.229273   412710.981   451.268650
     0.021000     0.001300   815.336435   -20.970942   429439.760   455.880234
     0.022000     0.001300   811.982554   -14.234416   440633.237   458.886530
     0.023000     0.001300   809.572554    -9.211579   448575.784   461.053925
     0.024000     0.001300   807.821726    -5.687048   454002.915   462.528060
     0.025000     0.001300   806.480988    -3.060698   458114.681   463.697039
     0.026000     0.001300   805.454947    -0.806984   460915.197   464.529739
     0.027000     0.001300   804.500658     0.499346   463441.594   465.311448
     0.028000     0.001300   803.647884     1.887445   465412.759   465.969566
     0.029000     0.001300   802.817311     2.307895   467206.581   466.597856
     0.030000     0.001300   801.986737     2.728345   469000.402   467.226146
     0.000000     0.001491   995.204709     0.000000   100944.360   293.000000
     0.001000     0.001491   994.740072     1.250701   101494.839   293.459423
     0.002000     0.001491   993.445529     4.681896   103021.236   294.723016
     0.003000     0.001491   989.882720    13.793244   107185.675   298.103034
     0.004000     0.001491   982.141760    32.349593   116198.129   305.101520
     0.005000     0.001491   968.412899    61.707225   132124.246   316.566401
     0.006000     0.001491   947.790100   102.981870   158515.377   333.937637
     0.007000     0.001491   924.240331   145.319366   193965.287   356.403766
     0.008000     0.001491   882.459929   172.560315   219516.365   379.146804
     0.009000     0.001491   821.402547   164.985186   245859.794   418.648527
     0.010000     0.001491   738.465511   106.988145   262313.380   486.112992
     0.011000     0.001491   723.403779     9.505199   275505.943   501.340991
     0.012000     0.001491   756.939979   -88.951243   271976.927   475.297635
     0.013000     0.001491   807.411324  -140.904706   258489.907   437.752198
     0.014000     0.001491   840.544621  -149.965969   257640.737   414.740731
     0.015000     0.001491   851.795786  -140.775947   270413.586   408.670780
     0.016000     0.001491   856.213819  -124.365755   289302.969   410.318748
     0.017000     0.001491   854.137338  -103.726534   313382.896   416.732614
     0.018000     0.001491   847.274054   -80.414506   342787.704   425.860289
     0.019000     0.001491   838.284965   -56.032770   376322.876   436.744260
     0.020000     0.001491   828.809316   -36.654205   404746.238   445.663494
     0.021000     0.001491   822.172724   -24.212433   424238.801   451.567040
     0.022000     0.001491   817.754848   -16.299816   437133.140   455.365415
     0.023000     0.001491   814.690020   -10.571363   446082.785   457.974218
     0.024000     0.001491   812.528261    -6.602047   452221.688   459.749367
     0.025000     0.001491   810.939111    -3.698324   456729.753   461.056939
     0.026000     0.001491   809.777663    -1.280138   459918.546   461.985425
     0.027000     0.001491   808.769033     0.119011   462710.205   462.803707
     0.028000     0.001491   807.948253     1.585097   464886.841   463.455366
     0.029000     0.001491   807.143095     2.000673   466996.890   464.093454
     0.030000     0.001491   806.337938     2.416249   469106.939   464.731543
     0.000000     0.001701   995.204709     0.000000   100944.360   293.000000
     0.001000     0.001701   994.936851     0.720445   101262.328   293.265922
     0.002000     0.001701   994.174595     2.749170   102163.821   294.015835
     0.003000     0.001701   991.928267     8.576664   104800.787   296.181120
     0.004000     0.001701   986.432403    22.103221   111202.887   301.278033
     0.005000     0.001701   975.274807    47.048723   124164.707   310.974277
     0.006000     0.001701   955.757020    84.879660   147316.869   326.761403
     0.007000     0.001701   931.506051   129.616393   182730.485   348.655254
     0.008000     0.001701   906.089438   166.832019   214396.866   368.807105
     0.009000     0.001701   865.388821   159.976355   247515.317   395.331105
     0.010000     0.001701   809.557283    95.988081   297507.899   444.720650
     0.011000     0.001701   793.492680     4.480219   316249.774   457.407124
     0.012000     0.001701   815.227960   -82.555527   299505.729   440.742236
     0.013000     0.001701   844.004900  -133.421935   273771.016   416.723378
     0.014000     0.001701   862.050583  -150.214256   261811.656   401.596270
     0.015000     0.001701   868.169081  -148.713743   264551.815   397.668478
     0.016000     0.001701   868.755277  -137.562515   276927.458   400.349651
     0.017000     0.001701   864.393848  -117.799470   298635.096   408.085380
     0.018000     0.001701   856.211842   -93.657206   326933.765   418.309471
     0.019000     0.001701   845.510399   -67.272538   360789.939   430.249653
     0.020000     0.001701   833.972674   -43.910797   393936.747   441.283894
     0.021000     0.001701   825.518689   -28.631155   417404.577   448.739144
     0.022000     0.001701   820.056065   -19.007307   432620.808   453.407208
     0.023000     0.001701   816.280275   -12.308049   442937.970   456.507121
     0.024000     0.001701   813.689775    -7.768381   450027.222   458.610855
     0.025000     0.001701   811.859773    -4.508125   455054.983   460.087404
     0.026000     0.001701   810.524446    -1.890704   458729.543   461.163535
     0.027000     0.001701   809.405568    -0.373782   461839.507   462.066853
     0.028000     0.001701   808.529258     1.181146   464273.534   462.774738
     0.029000     0.001701   807.649888     1.597778   466728.049   463.487221
     0.030000     0.001701   806.770519     2.014410   469182.563   464.199703
     0.000000     0.001932   995.204709     0.000000   100944.360   293.000000
     0.001000     0.001932   995.057276     0.392394   101119.654   293.146785
     0.002000     0.001932   994.631373     1.517505   101624.620   293.568165
     0.003000     0.001932   993.308756     4.946434   103184.031   294.859153
     0.004000     0.001932   989.767183    13.746169   107326.272   298.221258
     0.005000     0.001932   981.581420    32.509098   116868.199   305.618385
     0.006000     0.001932   965.118323    64.979811   136091.851   319.350180
     0.007000     0.001932   939.439195   108.152232   169315.218   340.533487
     0.008000     0.001932   912.138242   149.336632   210267.986   363.902243
     0.009000     0.001932   880.451639   135.391704   261886.115   391.277627
     0.010000     0.001932   834.909291    73.323037   343976.336   434.623336
     0.011000     0.001932   827.721988     1.112016   359217.249   441.492918
     0.012000     0.001932   839.910785   -67.838702   332845.508   429.441732
     0.013000     0.001932   857.573468  -116.121349   296591.175   411.767510
     0.014000     0.001932   870.363472  -142.605497   271208.511   398.363148
     0.015000     0.001932   876.033442  -148.262139   266290.601   394.683143
     0.016000     0.001932   875.369342  -145.247667   269806.944   395.469545
     0.017000     0.001932   871.251868  -132.400411   283288.943   400.991661
     0.018000     0.001932   862.916517  -109.652211   308363.118   410.955721
     0.019000     0.001932   851.089081   -82.145183   341707.377   423.386576
     0.020000     0.001932   838.265664   -54.456074   379049.717   436.401539
     0.021000     0.001932   827.737091   -34.721755   407810.020   445.892087
     0.022000     0.001932   820.894645   -22.596039   426464.612   451.787974
     0.023000     0.001932   816.277019   -14.558344   438819.051   455.604048
     0.024000     0.001932   813.176700    -9.242828   447217.017   458.148625
     0.025000     0.001932   811.032046    -5.527466   452985.884   459.883271
     0.026000     0.001932   809.462618    -2.663730   457294.968   461.157521
     0.027000     0.001932   808.181738    -0.995699   460796.082   462.187747
     0.028000     0.001932   807.181793     0.634835   463613.326   463.001891
     0.029000     0.001932   806.178991     1.045109   466464.805   463.822065
     0.030000     0.001932   805.176189     1.455383   469316.283   464.642239
     0.000000     0.002185   995.204709     0.000000   100944.360   293.000000
     0.001000     0.002185   995.126683     0.199343   101037.221   293.077825
     0.002000     0.002185   994.898860     0.777959   101307.821   293.304094
     0.003000     0.002185   994.162396     2.619574   102179.398   294.029481
     0.004000     0.002185   992.046196     7.722400   104669.752   296.078282
     0.005000     0.002185   986.652601    19.812825   110986.660   301.122333
     0.006000     0.002185   974.133729    44.082111   125839.812   312.226040
     0.007000     0.002185   949.637431    79.445928   156647.894   332.790191
     0.008000     0.002185   915.631216   114.066378   209692.430   362.890714
     0.009000     0.002185   878.196605    95.285954   284154.075   397.222704
     0.010000     0.002185   833.410406    48.873446   390207.888   439.773981
     0.011000     0.002185   830.463954    -0.533283   397718.500   442.399273
     0.012000     0.002185   842.039091   -50.468171   366755.085   431.944280
     0.013000     0.002185   858.817045   -93.657018   324514.754   416.579232
     0.014000     0.002185   872.285223  -126.785137   288351.928   402.554061
     0.015000     0.002185   877.921222  -142.642765   272167.133   395.963617
     0.016000     0.002185   876.766158  -144.617330   270526.564   395.351415
     0.017000     0.002185   874.381281  -140.949017   274571.697   397.222920
     0.018000     0.002185   868.037790  -126.571779   289871.853   403.803069
     0.019000     0.002185   857.304735  -100.711933   319024.342   415.541967
     0.020000     0.002185   843.518869   -69.909819   357699.669   429.958437
     0.021000     0.002185   830.264459   -43.770955   394090.305   442.629738
     0.022000     0.002185   821.388486   -27.798124   417969.115   450.495606
     0.023000     0.002185   815.686104   -17.697344   433355.911   455.404797
     0.024000     0.002185   811.860786   -11.232638   443614.274   458.597908
     0.025000     0.002185   809.298958    -6.870007   450424.739   460.693563
     0.026000     0.002185   807.404525    -3.662181   455552.809   462.234650
     0.027000     0.002185   805.927811    -1.781031   459543.273   463.421388
     0.028000     0.002185   804.742471    -0.055734   462840.255   464.378252
     0.029000     0.002185   803.566571     0.358070   466146.708   465.322917
     0.030000     0.002185   802.390671     0.771874   469453.162   466.267582
     0.000000     0.002465   995.204709     0.000000   100944.360   293.000000
     0.001000     0.002465   995.164018     0.090786   100992.787   293.040623
     0.002000     0.002465   995.044137     0.355979   101135.287   293.159973
     0.003000     0.002465   994.641872     1.219565   101612.533   293.558571
     0.004000     0.002465   993.403818     3.702974   103078.701   294.775073
     0.005000     0.002465   989.959906     9.823349   107162.113   298.103106
     0.006000     0.002465   980.877879    22.660524   118146.275   306.634334
     0.007000     0.002465   959.101727    43.399557   146635.017   326.482827
     0.008000     0.002465   917.849062    59.990336   211660.273   364.205393
     0.009000     0.002465   871.917002    43.629161   307147.777   406.266225
     0.010000     0.002465   828.688094    23.560546   416578.366   445.502977
     0.011000     0.002465   823.731857     0.135433   429543.180   449.488409
     0.012000     0.002465   833.707149   -32.066070   399914.648   440.571651
     0.013000     0.002465   848.626383   -69.301974   355671.473   426.290076
     0.014000     0.002465   863.683181  -105.133564   312465.703   411.224978
     0.015000     0.002465   871.517067  -129.483164   285353.910   401.190500
     0.016000     0.002465   873.642196  -140.470429   274443.071   397.216114
     0.017000     0.002465   872.490745  -140.806403   274512.473   397.786565
     0.018000     0.002465   869.935101  -136.376151   279442.340   400.469587
     0.019000     0.002465   863.121841  -120.389383   296749.553   408.215043
     0.020000     0.002465   850.585068   -91.107086   330686.710   421.924648
     0.021000     0.002465   835.478093   -58.582303   372940.620   437.589993
     0.022000     0.002465   823.375433   -35.793989   405261.494   448.743836
     0.023000     0.002465   815.751475   -22.256455   425605.401   455.422170
     0.024000     0.002465   810.732210   -13.970131   438713.076   459.585218
     0.025000     0.002465   807.498075    -8.658885   447113.255   462.209588
     0.026000     0.002465   805.126939    -4.962894   453369.404   464.112931
     0.027000     0.002465   803.378168    -2.784184   458018.050   465.509879
     0.028000     0.002465   801.924331    -0.957681   461965.177   466.664365
     0.029000     0.002465   800.532720    -0.531491   465811.339   467.773437
     0.030000     0.002465   799.141109    -0.105302   469657.500   468.882509
     0.000000     0.002772   995.204709     0.000000   100944.360   293.000000
     0.001000     0.002772   995.179459     0.024245   100974.332   293.025176
     0.002000     0.002772   995.104390     0.094323   101063.416   293.099924
     0.003000     0.002772   994.843236     0.314362   101373.244   293.359404
     0.004000     0.002772   993.983237     0.882950   102394.965   294.211167
     0.005000     0.002772   991.336387     2.120770   105563.661   296.817476
     0.006000     0.002772   983.598026     2.533950   115065.501   304.333600
     0.007000     0.002772   962.349529    -1.542594   143003.604   324.336016
     0.008000     0.002772   915.899893   -12.522195   216012.945   367.373290
     0.009000     0.002772   869.858201   -11.283316   314498.045   410.156032
     0.010000     0.002772   826.569906     0.080399   419993.448   447.335332
     0.011000     0.002772   819.114666    -4.865434   440263.060   453.435961
     0.012000     0.002772   824.230548   -18.847855   425135.566   449.072939
     0.013000     0.002772   836.511946   -45.457260   388058.525   437.833231
     0.014000     0.002772   852.267337   -79.546626   342859.251   423.123738
     0.015000     0.002772   863.581360  -109.826321   306572.707   410.486548
     0.016000     0.002772   869.904429  -129.530077   285351.879   402.922152
     0.017000     0.002772   870.967088  -137.817748   277574.255   400.483779
     0.018000     0.002772   869.520590  -137.402493   278175.149   401.485911
     0.019000     0.002772   866.043212  -131.965186   284214.567   404.756775
     0.020000     0.002772   857.478170  -113.765297   304116.802   413.565017
     0.021000     0.002772   842.548202   -81.391044   342326.576   428.755113
     0.022000     0.002772   826.999567   -49.347799   384998.415   444.300248
     0.023000     0.002772   816.077193   -29.555046   413819.376   454.013977
     0.024000     0.002772   809.363801   -18.095391   431669.525   459.749580
     0.025000     0.002772   805.210706   -11.218505   442653.166   463.185437
     0.026000     0.002772   802.212588    -6.731695   450538.343   465.590127
     0.027000     0.002772   800.091028    -4.109357   456126.508   467.275075
     0.028000     0.002772   798.296636    -2.123356   460924.155   468.686320
     0.029000     0.002772   796.653171    -1.647794   465394.020   469.991020
     0.030000     0.002772   795.009705    -1.172233   469863.885   471.295720
     0.000000     0.003110   995.204709     0.000000   100944.360   293.000000
     0.001000     0.003110   995.179362    -0.028361   100974.241   293.025173
     0.002000     0.003110   995.103261    -0.115186   101064.004   293.100728
     0.003000     0.003110   994.830144    -0.442277   101386.163   293.371447
     0.004000     0.003110   993.878431    -1.672776   102508.647   294.310359
     0.005000     0.003110   990.688463    -6.096049   106271.830   297.414073
     0.006000     0.003110   980.773883   -20.060373   117998.944   306.697795
     0.007000     0.003110   953.843736   -52.138389   151523.279   330.701094
     0.008000     0.003110   911.880969   -85.552292   216545.573   368.654084
     0.009000     0.003110   871.884541   -68.149290   298448.982   405.015793
     0.010000     0.003110   833.726996   -29.130749   395630.353   441.042612
     0.011000     0.003110   818.104802   -12.105121   437495.566   454.352336
     0.012000     0.003110   819.077967   -15.202829   434345.552   453.523914
     0.013000     0.003110   825.640086   -28.233651   414425.891   447.741078
     0.014000     0.003110   837.864056   -53.963974   376809.315   436.177682
     0.015000     0.003110   852.290880   -85.353581   335403.011   422.538701
     0.016000     0.003110   860.683717  -111.688068   304936.449   411.958971
     0.017000     0.003110   865.893871  -128.089539   287207.608   405.795673
     0.018000     0.003110   865.298777  -134.624457   280844.843   404.094150
     0.019000     0.003110   863.584946  -133.888364   281865.582   405.434156
     0.020000     0.003110   859.895312  -127.410323   288791.720   409.075250
     0.021000     0.003110   850.807876  -106.932236   311247.743   418.711383
     0.022000     0.003110   835.284147   -73.194402   352313.129   434.636810
     0.023000     0.003110   819.927435   -42.360265   394285.307   449.402307
     0.024000     0.003110   810.124300   -24.943317   420570.374   458.016278
     0.025000     0.003110   804.364973   -15.170278   436099.593   462.877585
     0.026000     0.003110   800.464238    -9.275560   446585.903   466.077768
     0.027000     0.003110   797.863415    -5.946316   453654.693   468.197486
     0.028000     0.003110   795.663044    -3.671154   459622.753   469.957830
     0.029000     0.003110   793.750655    -3.085582   464854.579   471.487505
     0.030000     0.003110   791.838266    -2.500009   470086.406   473.017181
     0.000000     0.003482   995.204709     0.000000   100944.360   293.000000
     0.001000     0.003482   995.159068    -0.106113   100997.870   293.045147
     0.002000     0.003482   995.021090    -0.427312   101159.720   293.181578
     0.003000     0.003482   994.521836    -1.586230   101744.036   293.673115
     0.004000     0.003482   992.763680    -5.600046   103784.895   295.379667
     0.005000     0.003482   986.866874   -18.278097   110480.771   300.878203
     0.006000     0.003482   969.475792   -50.920929   129863.814   315.897399
     0.007000     0.003482   934.765228  -109.032975   172209.042   344.906542
     0.008000     0.003482   905.207165  -142.733135   215981.553   369.037531
     0.009000     0.003482   879.226340  -123.557619   267001.968   393.080514
     0.010000     0.003482   849.522920   -74.771850   342110.071   423.645240
     0.011000     0.003482   821.543653   -28.708940   415851.812   449.967687
     0.012000     0.003482   815.884141   -18.159398   431407.559   454.957146
     0.013000     0.003482   817.713808   -21.243682   425583.087   453.434812
     0.014000     0.003482   824.258725   -34.084087   405192.209   447.529094
     0.015000     0.003482   835.510987   -58.901420   369673.472   436.563664
     0.016000     0.003482   848.228485   -87.816220   332164.786   424.212420
     0.017000     0.003482   855.161964  -111.040694   305394.157   415.081112
     0.018000     0.003482   860.074925  -125.443090   289751.906   409.740645
     0.019000     0.003482   859.846531  -131.363143   284261.272   408.146396
     0.020000     0.003482   859.074710  -130.233748   285275.561   409.018278
     0.021000     0.003482   855.770384  -123.123182   292917.864   412.451211
     0.022000     0.003482   846.429754  -101.313653   317450.836   422.462239
     0.023000     0.003482   830.897887   -66.989556   360222.976   438.565637
     0.024000     0.003482   816.042007   -37.759065   401037.924   452.600708
     0.025000     0.003482   807.267159   -22.052724   425267.622   460.336834
     0.026000     0.003482   801.671410   -13.335895   440524.486   465.017285
     0.027000     0.003482   798.173688    -8.664888   450132.444   467.889648
     0.028000     0.003482   795.343426    -5.803967   457845.864   470.161830
     0.029000     0.003482   793.096650    -4.966755   464045.670   471.964401
     0.030000     0.003482   790.849873    -4.129543   470245.476   473.766973
     0.000000     0.003891   995.204709     0.000000   100944.360   293.000000
     0.001000     0.003891   995.095053    -0.281950   101072.504   293.108146
     0.002000     0.003891   994.762256    -1.134918   101461.115   293.435773
     0.003000     0.003891   993.567498    -4.145342   102844.993   294.599338
     0.004000     0.003891   989.448864   -13.977847   107499.904   298.478020
     0.005000     0.003891   976.559722   -41.156128   121515.503   309.763602
     0.006000     0.003891   947.128149   -94.848224   155002.718   333.937530
     0.007000     0.003891   913.109221  -146.137799   198181.151   360.548250
     0.008000     0.003891   896.089648  -170.539328   219518.158   372.053034
     0.009000     0.003891   883.233684  -163.242278   241148.578   383.027337
     0.010000     0.003891   865.690243  -130.283550   281508.342   401.768641
     0.011000     0.003891   837.279704   -69.639818   356804.068   432.632616
     0.012000     0.003891   816.743240   -30.384435   412195.824   452.275277
     0.013000     0.003891   813.158165   -23.082917   422672.096   455.741380
     0.014000     0.003891   815.151533   -26.284343   417091.076   454.236952
     0.015000     0.003891   821.384331   -38.167173   398841.419   448.829873
     0.016000     0.003891   832.130491   -61.136783   366529.088   438.608486
     0.017000     0.003891   843.996741   -87.768342   332313.725   427.026567
     0.018000     0.003891   851.417898  -109.019462   307788.263   418.203019
     0.019000     0.003891   856.243696  -122.570590   293222.332   412.775442
     0.020000     0.003891   857.666583  -127.731966   287481.472   410.613401
     0.021000     0.003891   857.129734  -126.767107   288793.484   411.183239
     0.022000     0.003891   854.232075  -119.557320   296695.955   414.449868
     0.023000     0.003891   844.994595   -97.357033   322038.984   424.558419
     0.024000     0.003891   829.766361   -63.416585   365065.281   440.532453
     0.025000     0.003891   815.563025   -35.639097   404976.170   454.050635
     0.026000     0.003891   806.667659   -20.681472   429655.083   461.790722
     0.027000     0.003891   801.462596   -13.091439   444248.407   466.196384
     0.028000     0.003891   797.571060    -8.922569   455001.485   469.367869
     0.029000     0.003891   794.843142    -7.531564   462629.240   471.574351
     0.030000     0.003891   792.115224    -6.140558   470256.995   473.780832
     0.000000     0.004341   995.204709     0.000000   100944.360   293.000000
     0.001000     0.004341   994.910735    -0.767948   101286.489   293.288737
     0.002000     0.004341   994.014933    -3.078789   102323.602   294.163390
     0.003000     0.004341   990.855246   -10.858641   105895.515   297.166767
     0.004000     0.004341   980.623701   -33.381976   116954.526   306.281866
     0.005000     0.004341   955.098751   -82.095348   144951.865   327.440349
     0.006000     0.004341   920.804524  -140.223476   186220.496   354.356949
     0.007000     0.004341   897.224882  -167.018720   215473.326   370.616918
     0.008000     0.004341   887.948172  -180.117425   225213.452   376.234260
     0.009000     0.004341   882.733841  -178.977352   232747.306   380.703021
     0.010000     0.004341   876.092156  -167.833922   246344.409   387.839784
     0.011000     0.004341   859.859557  -129.339744   286073.566   406.360774
     0.012000     0.004341   834.089246   -70.618038   356087.855   435.135974
     0.013000     0.004341   816.621607   -35.727550   404262.310   452.025815
     0.014000     0.004341   813.528344   -28.536219   414211.455   455.207653
     0.015000     0.004341   815.365529   -31.214510   409648.564   453.809446
     0.016000     0.004341   820.904046   -41.011159   394766.979   449.163566
     0.017000     0.004341   830.782000   -61.128606   366668.750   440.016315
     0.018000     0.004341   841.689518   -85.442427   335425.952   429.123043
     0.019000     0.004341   850.087905  -105.793202   311738.113   420.383097
     0.020000     0.004341   855.303641  -118.494344   296857.938   414.542919
     0.021000     0.004341   857.397130  -124.337964   291465.457   412.305946
     0.022000     0.004341   857.391849  -123.322051   292392.919   412.533386
     0.023000     0.004341   854.917644  -116.701788   299881.699   415.300992
     0.024000     0.004341   846.035647   -95.829304   324518.394   424.866155
     0.025000     0.004341   831.551820   -63.583389   366422.028   440.113602
     0.026000     0.004341   816.747414   -35.817126   407803.653   453.860030
     0.027000     0.004341   808.019330   -21.519148   432684.972   461.548881
     0.028000     0.004341   802.024708   -14.045921   449473.604   466.524354
     0.029000     0.004341   798.437456   -11.333395   459679.663   469.448256
     0.030000     0.004341   794.850204    -8.620869   469885.721   472.372157
     0.000000     0.004836   995.204709     0.000000   100944.360   293.000000
     0.001000     0.004836   994.346502    -2.216657   101934.093   293.835628
     0.002000     0.004836   991.720975    -8.728335   104900.348   296.345190
     0.003000     0.004836   982.917859   -28.309436   114350.374   304.282307
     0.004000     0.004836   959.869447   -72.827656   139048.899   323.598651
     0.005000     0.004836   925.059231  -131.236033   180531.064   351.429850
     0.006000     0.004836   899.219938  -167.720810   209154.777   368.267757
     0.007000     0.004836   887.195312  -178.532746   223882.342   376.648380
     0.008000     0.004836   882.735136  -183.971175   228377.011   379.711033
     0.009000     0.004836   880.844753  -184.312317   230981.093   381.550296
     0.010000     0.004836   878.924172  -181.584596   234808.663   383.618113
     0.011000     0.004836   874.291741  -169.555183   246309.764   389.244688
     0.012000     0.004836   859.778420  -132.381746   283274.841   406.368809
     0.013000     0.004836   837.518293   -78.065015   346019.357   432.350391
     0.014000     0.004836   820.815548   -43.522298   392755.502   448.791856
     0.015000     0.004836   817.233972   -34.494673   405540.006   452.839881
     0.016000     0.004836   818.603030   -36.244023   402558.558   451.749915
     0.017000     0.004836   822.782149   -43.119299   392256.480   448.397770
     0.018000     0.004836   831.243425   -59.043911   369845.432   441.018280
     0.019000     0.004836   841.776842   -80.893115   341350.567   430.977381
     0.020000     0.004836   850.507406  -100.819855   317293.198   421.898266
     0.021000     0.004836   855.958913  -114.352028   302601.829   415.907203
     0.022000     0.004836   858.800298  -120.186504   295504.445   412.659320
     0.023000     0.004836   858.566271  -119.708918   296552.826   412.573073
     0.024000     0.004836   856.311934  -114.634020   303089.886   414.534654
     0.025000     0.004836   848.358758   -97.202350   324856.175   422.838208
     0.026000     0.004836   833.790744   -66.994024   365597.406   437.579611
     0.027000     0.004836   819.354244   -39.657317   407894.966   451.550139
     0.028000     0.004836   809.112273   -23.922928   436861.990   460.480587
     0.029000     0.004836   803.717637   -17.822863   452477.127   465.053060
     0.030000     0.004836   798.323002   -11.722798   468092.264   469.625533
     0.000000     0.005380   995.204709     0.000000   100944.360   293.000000
     0.001000     0.005380   992.463776    -6.785695   104014.213   295.603802
     0.002000     0.005380   984.177674   -25.093412   112781.496   303.099576
     0.003000     0.005380   961.721778   -67.862207   136208.973   322.017440
     0.004000     0.005380   926.495380  -127.637399   176508.093   349.920662
     0.005000     0.005380   897.901952  -163.139131   209497.234   369.764254
     0.006000     0.005380   886.410597  -178.812236   222269.078   377.209986
     0.007000     0.005380   881.872328  -183.607413   228081.147   380.579534
     0.008000     0.005380   880.512353  -185.708979   229901.863   381.750568
     0.009000     0.005380   880.178673  -186.211249   230758.147   382.150276
     0.010000     0.005380   880.022789  -185.636314   231763.085   382.565794
     0.011000     0.005380   879.495743  -182.887101   234394.853   383.673178
     0.012000     0.005380   876.356976  -172.357960   244036.886   387.945003
     0.013000     0.005380   864.865418  -141.108187   274616.128   401.852901
     0.014000     0.005380   846.107116   -92.540284   328967.921   424.416716
     0.015000     0.005380   829.198844   -55.059222   377556.899   441.724593
     0.016000     0.005380   824.289206   -41.634422   395713.257   447.561560
     0.017000     0.005380   824.938785   -42.179539   394852.002   447.050944
     0.018000     0.005380   827.594675   -46.131407   388684.140   444.752012
     0.019000     0.005380   833.518183   -56.637737   373507.399   439.564335
     0.020000     0.005380   842.110967   -74.452709   349770.177   431.203863
     0.021000     0.005380   850.735720   -94.104551   325671.091   422.251335
     0.022000     0.005380   857.154419  -107.716438   308708.750   415.571529
     0.023000     0.005380   859.514878  -116.085184   301459.474   412.467186
     0.024000     0.005380   859.192698  -115.959413   302009.228   412.417348
     0.025000     0.005380   856.965451  -112.828750   307267.734   414.187977
     0.026000     0.005380   850.099670  -100.386920   324978.744   420.976527
     0.027000     0.005380   836.250377   -74.240260   362631.932   434.682240
     0.028000     0.005380   820.957738   -45.829371   407327.466   449.774589
     0.029000     0.005380   811.716257   -31.420988   434408.830   458.063848
     0.030000     0.005380   802.474776   -17.012605   461490.195   466.353108
     0.000000     0.005979   995.204709     0.000000   100944.360   293.000000
     0.001000     0.005979   985.329524   -21.359975   110985.731   301.742320
     0.002000     0.005979   960.447734   -66.353402   135610.402   322.486064
     0.003000     0.005979   922.555364  -126.456514   177406.019   352.383633
     0.004000     0.005979   895.247693  -164.904756   208527.782   371.002943
     0.005000     0.005979   884.290837  -178.670918   222861.437   378.893145
     0.006000     0.005979   881.229575  -184.277939   227782.551   381.293457
     0.007000     0.005979   880.338890  -186.084317   229801.462   382.171397
     0.008000     0.005979   880.289960  -186.770967   230491.523   382.303824
     0.009000     0.005979   880.849451  -187.106230   230717.492   382.101177
     0.010000     0.005979   881.694078  -187.067023   230872.513   381.672638
     0.011000     0.005979   882.522495  -186.597963   231344.154   381.224303
     0.012000     0.005979   882.620479  -184.531215   233332.977   381.429691
     0.013000     0.005979   880.467008  -176.726577   240575.604   384.015450
     0.014000     0.005979   872.432543  -154.151655   262179.610   393.936668
     0.015000     0.005979   856.048990  -112.291506   306631.500   412.886368
     0.016000     0.005979   840.066233   -71.300948   356369.758   431.870713
     0.017000     0.005979   831.489740   -52.566306   381735.887   440.408563
     0.018000     0.005979   830.968309   -48.297808   386507.266   441.871371
     0.019000     0.005979   832.258275   -50.043935   383547.702   440.765212
     0.020000     0.005979   835.395553   -55.298230   375758.681   438.081102
     0.021000     0.005979   841.484375   -67.440375   359157.515   432.511253
     0.022000     0.005979   849.175383   -84.755689   337429.047   424.823387
     0.023000     0.005979   855.457209  -101.023378   318863.228   417.929539
     0.024000     0.005979   858.358663  -109.844820   308897.520   414.039434
     0.025000     0.005979   857.956287  -113.060464   309302.392   414.055753
     0.026000     0.005979   855.717185  -112.010058   313926.678   415.649617
     0.027000     0.005979   850.358771  -104.492449   326910.704   420.568443
     0.028000     0.005979   838.431212   -83.378382   358695.565   432.316391
     0.029000     0.005979   825.571413   -59.063351   396801.066   445.263146
     0.030000     0.005979   812.711614   -34.748320   434906.567   458.209900
     0.000000     0.006637   995.204709     0.000000   100944.360   293.000000
     0.001000     0.006637   958.371563   -62.862029   133848.832   322.873527
     0.002000     0.006637   914.799358  -131.416103   181084.797   357.552885
     0.003000     0.006637   890.492282  -166.580691   212264.363   374.867376
     0.004000     0.006637   883.303203  -180.319766   224200.352   380.595872
     0.005000     0.006637   881.103556  -184.902314   228639.205   382.353055
     0.006000     0.006637   881.064014  -186.727627   229932.682   382.349431
     0.007000     0.006637   881.872469  -187.458333   230319.534   381.703354
     0.008000     0.006637   882.902869  -187.683101   230522.669   380.869069
     0.009000     0.006637   883.892777  -187.839193   230575.775   379.920485
     0.010000     0.006637   884.687506  -187.964008   230587.979   379.099001
     0.011000     0.006637   885.211089  -187.930657   230682.030   378.527946
     0.012000     0.006637   885.439962  -187.590199   231097.589   378.319162
     0.013000     0.006637   885.227819  -186.151960   232436.920   378.605206
     0.014000     0.006637   883.667940  -181.145170   236972.133   380.594484
     0.015000     0.006637   878.812476  -167.471835   249635.935   386.593319
     0.016000     0.006637   866.198955  -135.163588   282041.373   401.409481
     0.017000     0.006637   850.800459   -95.602054   326302.757   419.682375
     0.018000     0.006637   840.163984   -68.631793   359987.303   431.831484
     0.019000     0.006637   835.378918   -56.516201   375467.018   437.027538
     0.020000     0.006637   835.947504   -55.976056   375812.292   437.081426
     0.021000     0.006637   837.313456   -58.239293   372654.139   435.947947
     0.022000     0.006637   840.240558   -63.914747   365257.214   433.470975
     0.023000     0.006637   845.446642   -75.600776   350648.812   428.547310
     0.024000     0.006637   851.325618   -91.569560   333212.465   422.342249
     0.025000     0.006637   854.936201  -103.592343   321558.289   418.023444
     0.026000     0.006637   854.567486  -110.956807   319941.719   417.365278
     0.027000     0.006637   853.101463  -111.542311   322980.580   418.457816
     0.028000     0.006637   849.500602  -107.377387   331239.467   421.575276
     0.029000     0.006637   841.924763   -93.686460   351143.932   429.097178
     0.030000     0.006637   834.348924   -79.995532   371048.396   436.619079
     0.000000     0.007362   995.204709     0.000000   100944.360   293.000000
     0.001000     0.007362   907.486100  -140.252647   187522.970   364.408381
     0.002000     0.007362   888.044096  -174.882788   216640.105   378.372264
     0.003000     0.007362   883.854836  -184.702431   225908.229   381.201578
     0.004000     0.007362   883.006906  -187.484931   228857.344   380.950063
     0.005000     0.007362   883.938596  -188.245151   229718.933   379.818793
     0.006000     0.007362   884.739432  -188.340040   230171.887   378.939761
     0.007000     0.007362   885.337951  -188.407706   230322.156   378.297687
     0.008000     0.007362   885.791228  -188.402791   230402.545   377.868534
     0.009000     0.007362   886.091736  -188.388530   230466.278   377.593478
     0.010000     0.007362   886.304840  -188.372853   230508.324   377.410729
     0.011000     0.007362   886.425200  -188.341386   230557.883   377.303681
     0.012000     0.007362   886.485566  -188.249941   230663.868   377.262958
     0.013000     0.007362   886.464769  -187.985082   230913.994   377.327633
     0.014000     0.007362   886.210309  -187.118763   231699.990   377.651162
     0.015000     0.007362   885.295360  -184.430829   234117.485   378.787061
     0.016000     0.007362   882.415811  -176.472171   241370.418   382.281233
     0.017000     0.007362   874.936191  -156.768180   260149.726   391.236646
     0.018000     0.007362   862.773240  -125.028576   292924.015   405.627176
     0.019000     0.007362   850.085242   -91.662134   330993.401   420.922449
     0.020000     0.007362   842.680715   -72.541448   355265.669   429.561583
     0.021000     0.007362   839.312552   -63.793309   366426.840   433.344756
     0.022000     0.007362   839.796122   -64.205941   366826.382   433.412992
     0.023000     0.007362   840.482650   -67.196022   365373.905   432.922302
     0.024000     0.007362   842.119400   -73.645088   360980.780   431.499588
     0.025000     0.007362   845.354379   -84.513439   351322.825   428.314278
     0.026000     0.007362   849.749130   -97.184017   339191.958   424.163061
     0.027000     0.007362   851.058902  -106.878466   331916.635   421.609857
     0.028000     0.007362   850.028135  -108.068623   332436.758   421.865660
     0.029000     0.007362   847.894213  -105.873811   336078.400   423.286807
     0.030000     0.007362   845.760291  -103.678999   339720.042   424.707954
     0.000000     0.008159   886.483624  -188.310443   230784.043   377.151055
     0.001000     0.008159   886.843963  -189.207621   229968.859   376.747441
     0.002000     0.008159   886.844924  -189.591357   229666.655   376.609244
     0.003000     0.008159   886.814193  -189.570660   229675.648   376.618992
     0.004000     0.008159   886.791293  -189.506021   229716.007   376.643874
     0.005000     0.008159   886.790427  -189.421732   229759.221   376.668120
     0.006000     0.008159   886.792786  -189.312911   229825.900   376.701983
     0.007000     0.008159   886.795651  -189.192267   229908.094   376.741909
     0.008000     0.008159   886.797844  -189.077388   229995.248   376.783336
     0.009000     0.008159   886.795504  -188.960275   230089.931   376.827782
     0.010000     0.008159   886.788959  -188.842284   230189.089   376.874113
     0.011000     0.008159   886.782326  -188.728872   230288.339   376.920411
     0.012000     0.008159   886.772368  -188.636152   230373.137   376.959897
     0.013000     0.008159   886.748894  -188.519114   230481.605   377.010603
     0.014000     0.008159   886.689304  -188.314541   230669.996   377.098898
     0.015000     0.008159   886.523237  -187.822276   231117.625   377.309445
     0.016000     0.008159   886.027733  -186.421721   232384.955   377.909321
     0.017000     0.008159   884.581933  -182.434627   236010.362   379.649173
     0.018000     0.008159   881.164191  -173.139260   244616.624   383.806810
     0.019000     0.008159   873.227759  -152.624620   264673.198   393.270852
     0.020000     0.008159   862.460604  -124.373104   294578.375   406.233107
     0.021000     0.008159   852.255229   -96.700134   326901.788   419.002480
     0.022000     0.008159   845.832767   -81.147296   347702.048   426.595790
     0.023000     0.008159   842.617794   -74.963380   359933.107   431.003930
     0.024000     0.008159   840.376057   -75.900220   363823.145   432.543158
     0.025000     0.008159   838.853842   -78.348737   364474.921   432.998277
     0.026000     0.008159   838.345200   -82.762423   361651.913   432.303703
     0.027000     0.008159   838.888283   -89.130571   355092.260   430.355917
     0.028000     0.008159   840.250644   -97.153332   345962.431   427.489314
     0.029000     0.008159   839.822427  -100.421852   342058.841   426.285988
     0.030000     0.008159   839.394210  -103.690372   338155.250   425.082663
     0.000000     0.009036   886.483624  -188.310443   230784.043   377.151055
     0.001000     0.009036   886.539095  -188.412155   230679.575   377.102119
     0.002000     0.009036   886.619660  -188.560089   230527.693   377.031053
     0.003000     0.009036   886.722771  -188.749600   230333.238   376.940170
     0.004000     0.009036   886.812421  -188.914389   230164.259   376.861132
     0.005000     0.009036   886.873702  -189.027301   230048.613   376.807005
     0.006000     0.009036   886.911475  -189.096804   229977.440   376.773674
     0.007000     0.009036   886.926789  -189.125220   229948.399   376.760079
     0.008000     0.009036   886.924625  -189.121301   229952.419   376.761972
     0.009000     0.009036   886.917256  -189.107808   229966.228   376.768467
     0.010000     0.009036   886.904059  -189.083576   229991.015   376.780121
     0.011000     0.009036   886.885424  -189.049315   230026.056   376.796595
     0.012000     0.009036   886.861418  -189.005138   230071.240   376.817832
     0.013000     0.009036   886.834012  -188.954661   230122.856   376.842099
     0.014000     0.009036   886.799042  -188.890162   230188.778   376.873109
     0.015000     0.009036   886.743543  -188.787629   230293.500   376.922429
     0.016000     0.009036   886.625805  -188.570140   230515.624   377.027262
     0.017000     0.009036   886.321365  -188.009368   231088.927   377.299297
     0.018000     0.009036   885.540964  -186.582050   232552.711   378.001825
     0.019000     0.009036   883.529310  -182.959599   236298.106   379.843719
     0.020000     0.009036   879.346238  -175.577095   244083.993   383.743941
     0.021000     0.009036   870.341305  -160.096291   261182.277   392.236150
     0.022000     0.009036   858.388474  -140.061853   285060.555   403.421704
     0.023000     0.009036   846.148503  -119.891588   311279.549   414.863309
     0.024000     0.009036   836.207343  -104.112253   333604.242   423.759937
     0.025000     0.009036   830.598193   -95.254357   346839.786   428.693097
     0.026000     0.009036   827.115152   -89.880238   355200.691   431.670531
     0.027000     0.009036   827.097699   -89.746435   355349.099   431.718123
     0.028000     0.009036   827.724203   -90.671080   353862.873   431.205243
     0.029000     0.009036   828.921576   -92.465179   351012.378   430.223493
     0.030000     0.009036   830.118950   -94.259279   348161.883   429.241743
     0.000000     0.010000   886.483624  -188.310443   230784.043   377.151055
     0.001000     0.010000   886.539095  -188.412155   230679.575   377.102119
     0.002000     0.010000   886.619660  -188.560089   230527.693   377.031053
     0.003000     0.010000   886.722771  -188.749600   230333.238   376.940170
     0.004000     0.010000   886.812421  -188.914389   230164.259   376.861132
     0.005000     0.010000   886.873702  -189.027301   230048.613   376.807005
     0.006000     0.010000   886.911475  -189.096804   229977.440   376.773674
     0.007000     0.010000   886.926789  -189.125220   229948.399   376.760079
     0.008000     0.010000   886.924625  -189.121301   229952.419   376.761972
     0.009000     0.010000   886.917256  -189.107808   229966.228   376.768467
     0.010000     0.010000   886.904059  -189.083576   229991.015   376.780121
     0.011000     0.010000   886.885424  -189.049315   230026.056   376.796595
     0.012000     0.010000   886.861418  -189.005138   230071.240   376.817832
     0.013000     0.010000   886.834012  -188.954661   230122.856   376.842099
     0.014000     0.010000   886.799042  -188.890162   230188.778   376.873109
     0.015000     0.010000   886.743543  -188.787629   230293.500   376.922429
     0.016000     0.010000   886.625805  -188.570140   230515.624   377.027262
     0.017000     0.010000   886.321365  -188.009368   231088.927   377.299297
     0.018000     0.010000   885.540964  -186.582050   232552.711   378.001825
     0.019000     0.010000   883.529310  -182.959599   236298.106   379.843719
     0.020000     0.010000   879.346238  -175.577095   244083.993   383.743941
     0.021000     0.010000   870.341305  -160.096291   261182.277   392.236150
     0.022000     0.010000   858.388474  -140.061853   285060.555   403.421704
     0.023000     0.010000   846.148503  -119.891588   311279.549   414.863309
     0.024000     0.010000   836.207343  -104.112253   333604.242   423.759937
     0.025000     0.010000   830.598193   -95.254357   346839.786   428.693097
     0.026000     0.010000   827.115152   -89.880238   355200.691   431.670531
     0.027000     0.010000   827.097699   -89.746435   355349.099   431.718123
     0.028000     0.010000   827.724203   -90.671080   353862.873   431.205243
     0.029000     0.010000   828.921576   -92.465179   351012.378   430.223493
     0.030000     0.010000   830.118982   -94.259299   348161.841   429.241716
