     0.000000     0.000000     0.000000     0.000000   100944.360   293.000000
     0.001000     0.000000     0.000000     0.000000   123167.269   375.510791
     0.002000     0.000000     0.000000     0.000000   134290.277   430.550522
     0.003000     0.000000     0.000000     0.000000   141299.220   468.173589
     0.004000     0.000000     0.000000     0.000000   158347.504   519.046204
     0.005000     0.000000     0.000000     0.000000   181141.032   577.018299
     0.006000     0.000000     0.000000     0.000000   201313.822   639.104259
     0.007000     0.000000     0.000000     0.000000   214714.236   670.499199
     0.008000     0.000000     0.000000     0.000000   223936.538   680.444471
     0.009000     0.000000     0.000000     0.000000   231850.745   684.897196
     0.010000     0.000000     0.000000     0.000000   226085.043   678.840156
     0.011000     0.000000     0.000000     0.000000   226458.884   675.692240
     0.012000     0.000000     0.000000     0.000000   231914.821   674.439025
     0.013000     0.000000     0.000000     0.000000   243568.663   677.215667
     0.014000     0.000000     0.000000     0.000000   261005.756   682.766619
     0.015000     0.000000     0.000000     0.000000   284304.157   691.098065
     0.016000     0.000000     0.000000     0.000000   314387.624   702.303219
     0.017000     0.000000     0.000000     0.000000   348192.531   714.461382
     0.018000     0.000000     0.000000     0.000000   382899.772   726.596982
     0.019000     0.000000     0.000000     0.000000   407473.005   729.434570
     0.020000     0.000000     0.000000     0.000000   424826.680   730.087829
     0.021000     0.000000     0.000000     0.000000   437532.654   729.996127
     0.022000     0.000000     0.000000     0.000000   445964.126   729.108546
     0.023000     0.000000     0.000000     0.000000   452574.575   728.086475
     0.024000     0.000000     0.000000     0.000000   456300.044   726.584808
     0.025000     0.000000     0.000000     0.000000   459579.985   725.376159
     0.026000     0.000000     0.000000     0.000000   461308.185   723.927363
     0.027000     0.000000     0.000000     0.000000   462714.719   722.741631
     0.028000     0.000000     0.000000     0.000000   463373.614   721.428696
     0.029000     0.000000     0.000000     0.000000   463734.902   720.355167
     0.030000     0.000000     0.000000     0.000000   464096.191   719.281627
     0.000000     0.000083   995.204709     0.000000   100944.360   293.000000
     0.001000     0.000083   806.397590    27.663902   123167.269   375.510791
     0.002000     0.000083   569.891379    32.925173   134290.277   430.550522
     0.003000     0.000083   306.545290    22.621379   141299.220   468.173589
     0.004000     0.000083   120.504099    13.592812   158347.504   519.046204
     0.005000     0.000083    11.143057     6.620836   181141.032   577.018299
     0.006000     0.000083   -36.867260     2.576146   201313.822   639.104259
     0.007000     0.000083   -52.782063     0.582508   214714.236   670.499199
     0.008000     0.000083   -52.000353    -1.335553   223936.538   680.444471
     0.009000     0.000083   -39.982621    -1.183020   231850.745   684.897196
     0.010000     0.000083   -38.707386     1.146854   226085.043   678.840156
     0.011000     0.000083   -62.474118     3.042049   226458.884   675.692240
     0.012000     0.000083   -96.282051     2.645382   231914.821   674.439025
     0.013000     0.000083  -116.020518     2.336001   243568.663   677.215667
     0.014000     0.000083  -128.543942     2.840867   261005.756   682.766619
     0.015000     0.000083  -129.453946     0.834393   284304.157   691.098065
     0.016000     0.000083  -114.914540    -1.285501   314387.624   702.303219
     0.017000     0.000083   -85.956318    -2.736393   348192.531   714.461382
     0.018000     0.000083   -49.839107    -3.217115   382899.772   726.596982
     0.019000     0.000083   -13.377222    -2.630318   407473.005   729.434570
     0.020000     0.000083    11.850673    -2.035675   424826.680   730.087829
     0.021000     0.000083    31.314247    -1.578152   437532.654   729.996127
     0.022000     0.000083    45.640414    -1.236110   445964.126   729.108546
     0.023000     0.000083    57.214086    -0.941634   452574.575   728.086475
     0.024000     0.000083    65.186343    -0.697131   456300.044   726.584808
     0.025000     0.000083    71.695743    -0.545788   459579.985   725.376159
     0.026000     0.000083    76.260895    -0.392686   461308.185   723.927363
     0.027000     0.000083    79.781314    -0.294079   462714.719   722.741631
     0.028000     0.000083    82.210820    -0.201098   463373.614   721.428696
     0.029000     0.000083    83.985292    -0.175762   463734.902   720.355167
     0.030000     0.000083    85.759763    -0.150426   464096.190   719.281639
     0.000000     0.000173   995.204709     0.000000   100944.360   293.000000
     0.001000     0.000173   939.422270    32.631338   118330.770   329.879754
     0.002000     0.000173   837.434195    50.789520   132427.997   380.458337
     0.003000     0.000173   648.306375    45.595973   142611.787   438.234914
     0.004000     0.000173   352.323462    32.335083   161278.419   509.843141
     0.005000     0.000173   109.658068    16.705578   183259.397   574.328038
     0.006000     0.000173   -14.835129     6.822054   202362.673   635.606463
     0.007000     0.000173   -67.235349     1.893417   215132.658   669.047526
     0.008000     0.000173   -80.135788    -1.415706   224192.837   679.431999
     0.009000     0.000173   -75.253627    -2.321546   231741.446   683.887645
     0.010000     0.000173   -79.801852     2.596901   226345.222   677.967993
     0.011000     0.000173  -122.858808     6.784990   226970.453   673.798964
     0.012000     0.000173  -167.273446     5.460081   232061.976   671.235567
     0.013000     0.000173  -183.997613     4.810136   243912.242   673.699074
     0.014000     0.000173  -183.009449     3.352645   260592.843   679.561751
     0.015000     0.000173  -161.230777     0.269913   283584.030   689.106997
     0.016000     0.000173  -122.767667    -3.308003   313622.568   701.902366
     0.017000     0.000173   -67.429552    -6.241477   347261.610   714.476982
     0.018000     0.000173    -5.753463    -7.037821   382032.499   726.362991
     0.019000     0.000173    41.464661    -5.602224   406892.322   728.525914
     0.020000     0.000173    75.363749    -4.343570   424345.941   728.029630
     0.021000     0.000173   101.733925    -3.371279   437141.407   726.800482
     0.022000     0.000173   121.546169    -2.645849   445643.166   725.042253
     0.023000     0.000173   137.571182    -2.018282   452321.340   723.263914
     0.024000     0.000173   148.991973    -1.504374   456097.827   721.268492
     0.025000     0.000173   158.330806    -1.176743   459421.179   719.618408
     0.026000     0.000173   165.039468    -0.850678   461187.679   717.893809
     0.027000     0.000173   170.172862    -0.635133   462626.279   716.487703
     0.028000     0.000173   173.747077    -0.437075   463309.675   715.059833
     0.029000     0.000173   176.421978    -0.382310   463679.270   713.893776
     0.030000     0.000173   179.096878    -0.327546   464048.865   712.727719
     0.000000     0.000271   995.204709     0.000000   100944.360   293.000000
     0.001000     0.000271   978.279797    29.333819   115382.085   309.911766
     0.002000     0.000271   934.838581    53.898900   129204.228   336.393624
     0.003000     0.000271   849.345264    63.023417   140710.489   381.421181
     0.004000     0.000271   641.324065    65.737852   158247.834   458.886473
     0.005000     0.000271   319.214337    44.666355   183278.567   554.986513
     0.006000     0.000271    80.110213    20.255418   202939.125   626.190216
     0.007000     0.000271   -39.152040     7.134479   215511.451   666.471941
     0.008000     0.000271   -85.650959    -0.051187   224462.875   678.621110
     0.009000     0.000271   -96.022740    -2.390002   232066.577   682.705293
     0.010000     0.000271  -114.617608     5.765139   226560.664   676.500958
     0.011000     0.000271  -164.806357    12.437360   226623.496   670.726962
     0.012000     0.000271  -192.987476     8.543367   232182.247   669.158493
     0.013000     0.000271  -191.981604     5.287441   243305.016   673.247291
     0.014000     0.000271  -169.588616     2.378756   259867.835   680.473425
     0.015000     0.000271  -115.838830    -3.847579   283231.856   691.191094
     0.016000     0.000271   -42.166433    -9.258964   313239.769   702.758261
     0.017000     0.000271    37.468665   -13.646182   347335.490   712.152411
     0.018000     0.000271   108.768441   -13.339912   382498.803   719.643327
     0.019000     0.000271   154.554769   -10.129556   407146.751   719.477621
     0.020000     0.000271   186.819454    -7.834540   424594.213   716.923170
     0.021000     0.000271   211.612565    -6.067568   437354.297   713.984093
     0.022000     0.000271   230.019311    -4.743364   445806.358   711.101131
     0.023000     0.000271   244.769373    -3.598444   452434.223   708.434161
     0.024000     0.000271   255.119153    -2.694507   456179.821   706.020236
     0.025000     0.000271   263.639140    -2.096797   459478.264   703.984601
     0.026000     0.000271   269.686299    -1.512844   461221.960   702.132115
     0.027000     0.000271   274.217114    -1.112955   462647.712   700.639032
     0.028000     0.000271   277.219501    -0.768464   463323.334   699.293091
     0.029000     0.000271   279.396616    -0.680295   463683.514   698.194364
     0.030000     0.000271   281.573732    -0.592127   464043.694   697.095638
     0.000000     0.000377   995.204709     0.000000   100944.360   293.000000
     0.001000     0.000377   985.558746    24.349384   112329.390   303.157923
     0.002000     0.000377   968.086563    51.062397   126402.547   318.353331
     0.003000     0.000377   929.599533    66.423960   137718.992   340.731861
     0.004000     0.000377   827.593133    83.150812   155011.055   396.144634
     0.005000     0.000377   576.469549    81.234088   181020.790   499.173895
     0.006000     0.000377   256.853842    45.932785   204431.938   602.715150
     0.007000     0.000377    46.312550    19.210117   216356.221   658.927967
     0.008000     0.000377   -54.997295     4.555123   224860.922   678.246177
     0.009000     0.000377   -94.215589    -0.774714   232612.137   682.296918
     0.010000     0.000377  -133.132053    10.615792   226631.765   675.074321
     0.011000     0.000377  -170.937547    16.256062   226426.121   669.868322
     0.012000     0.000377  -177.208691     9.259954   231643.952   670.920958
     0.013000     0.000377  -160.123660     3.735174   242743.647   677.694476
     0.014000     0.000377   -99.717896    -3.105267   259396.560   684.707804
     0.015000     0.000377    -8.319311   -12.067567   282514.738   691.080488
     0.016000     0.000377    94.872012   -19.417705   312581.782   695.508913
     0.017000     0.000377   192.413439   -22.978026   346659.008   697.356026
     0.018000     0.000377   265.273590   -19.822138   381675.011   697.053486
     0.019000     0.000377   306.341774   -14.610878   406603.199   692.261975
     0.020000     0.000377   333.028040   -11.142925   424303.405   687.803483
     0.021000     0.000377   352.358222    -8.538397   437190.732   683.650415
     0.022000     0.000377   365.858688    -6.593009   445691.014   680.275117
     0.023000     0.000377   376.117887    -4.934898   452348.473   677.373877
     0.024000     0.000377   382.548351    -3.669331   456106.624   675.260944
     0.025000     0.000377   387.512840    -2.852120   459395.156   673.504564
     0.026000     0.000377   390.695571    -2.043558   461141.226   672.163384
     0.027000     0.000377   392.513254    -1.499784   462564.074   671.188487
     0.028000     0.000377   393.271266    -1.003141   463292.333   670.494451
     0.029000     0.000377   393.698371    -0.858250   463688.678   669.914336
     0.030000     0.000377   394.125477    -0.713359   464085.023   669.334222
     0.000000     0.000491   995.204709     0.000000   100944.360   293.000000
     0.001000     0.000491   987.715952    18.894884   109572.890   300.090407
     0.002000     0.000491   978.594201    45.338786   123020.305   311.406933
     0.003000     0.000491   959.029975    64.970691   134853.814   324.304049
     0.004000     0.000491   910.517669    86.422938   150862.502   352.753650
     0.005000     0.000491   774.077950   106.120629   176811.048   428.897864
     0.006000     0.000491   494.650047    84.623625   203605.177   548.302586
     0.007000     0.000491   198.683892    43.419887   217230.922   637.420426
     0.008000     0.000491    21.696442    15.454379   225573.160   674.718566
     0.009000     0.000491   -62.575868     4.838347   233107.395   683.122151
     0.010000     0.000491  -122.753493    15.988063   226393.930   675.528516
     0.011000     0.000491  -147.595960    17.647990   226056.774   671.761268
     0.012000     0.000491  -138.430534     8.407739   231006.027   676.164016
     0.013000     0.000491   -86.177458    -2.023852   242160.485   684.122880
     0.014000     0.000491    10.989281   -13.803442   258935.161   684.441965
     0.015000     0.000491   132.822614   -26.007591   282134.770   680.764563
     0.016000     0.000491   255.381836   -34.375790   312043.665   674.017029
     0.017000     0.000491   362.742373   -35.113803   346188.327   665.110873
     0.018000     0.000491   428.144926   -28.065583   380913.022   655.113128
     0.019000     0.000491   460.961181   -19.715520   405911.140   646.065751
     0.020000     0.000491   481.099474   -14.589622   423836.386   639.754585
     0.021000     0.000491   494.902048   -10.873424   436799.182   634.885418
     0.022000     0.000491   503.888667    -8.221107   445395.465   631.606836
     0.023000     0.000491   510.131208    -6.018206   452124.056   629.118660
     0.024000     0.000491   513.451559    -4.339234   455981.535   627.853214
     0.025000     0.000491   515.277237    -3.282203   459337.839   626.936856
     0.026000     0.000491   516.242609    -2.255176   461128.617   626.595117
     0.027000     0.000491   515.201197    -1.551174   462635.592   626.725791
     0.028000     0.000491   513.934173    -0.970942   463398.957   627.139255
     0.029000     0.000491   512.593478    -0.806844   463808.428   627.504109
     0.030000     0.000491   511.252783    -0.642746   464217.898   627.868963
     0.000000     0.000615   995.204709     0.000000   100944.360   293.000000
     0.001000     0.000615   989.766796    13.912822   107226.304   298.094769
     0.002000     0.000615   980.169903    37.838613   118933.878   307.364329
     0.003000     0.000615   971.146064    60.683966   131739.564   317.698580
     0.004000     0.000615   945.201481    84.243704   146897.634   333.796819
     0.005000     0.000615   874.007931   112.283678   170869.383   375.780963
     0.006000     0.000615   704.225258   120.992009   199789.703   469.822799
     0.007000     0.000615   421.374368    81.320943   218825.575   590.620880
     0.008000     0.000615   159.448630    37.292022   226730.018   659.441567
     0.009000     0.000615     8.132444    16.146568   233702.709   682.399485
     0.010000     0.000615   -79.571328    21.279831   226525.835   678.387977
     0.011000     0.000615  -101.053212    17.819976   225832.924   675.452257
     0.012000     0.000615   -72.273657     3.867132   230703.282   682.779147
     0.013000     0.000615    16.189798   -13.592883   241720.029   683.694038
     0.014000     0.000615   147.456264   -30.237760   258239.173   673.035393
     0.015000     0.000615   292.912941   -44.771236   280969.019   655.912722
     0.016000     0.000615   427.596885   -52.219839   310890.680   636.094938
     0.017000     0.000615   519.295929   -48.228467   344840.810   616.134657
     0.018000     0.000615   566.012734   -36.340834   378474.389   598.014643
     0.019000     0.000615   588.796343   -24.762869   404260.993   587.448180
     0.020000     0.000615   602.302506   -17.904557   422768.332   581.017629
     0.021000     0.000615   611.123389   -13.040242   436048.138   576.777239
     0.022000     0.000615   616.575357    -9.650455   444833.195   574.311457
     0.023000     0.000615   620.306187    -6.891356   451690.542   572.707657
     0.024000     0.000615   621.785331    -4.807002   455691.897   572.405485
     0.025000     0.000615   622.562409    -3.526676   459158.989   572.325646
     0.026000     0.000615   622.294565    -2.239189   461003.489   573.069797
     0.027000     0.000615   620.971457    -1.358303   462483.494   574.023812
     0.028000     0.000615   619.439916    -0.612485   463238.392   575.118475
     0.029000     0.000615   617.749392    -0.431878   463699.786   576.277462
     0.030000     0.000615   616.058867    -0.251271   464161.180   577.436449
     0.000000     0.000750   995.204709     0.000000   100944.360   293.000000
     0.001000     0.000750   991.392895     9.907218   105379.500   296.602903
     0.002000     0.000750   983.161528    29.837967   114893.229   304.121859
     0.003000     0.000750   972.945797    54.109488   127611.270   313.689929
     0.004000     0.000750   961.498812    79.156739   142974.289   325.748651
     0.005000     0.000750   920.822975   109.873353   165390.806   349.941336
     0.006000     0.000750   825.877493   135.014127   192794.230   406.086631
     0.007000     0.000750   635.707608   122.173607   215733.147   510.303450
     0.008000     0.000750   360.548201    74.771805   227762.207   617.538136
     0.009000     0.000750   132.930911    36.687228   234567.041   670.909735
     0.010000     0.000750     1.804190    29.121720   226676.882   680.588628
     0.011000     0.000750   -25.916488    17.634237   225693.348   678.943839
     0.012000     0.000750    21.837913    -4.514070   230469.480   684.195653
     0.013000     0.000750   142.946928   -31.282148   241107.644   671.884838
     0.014000     0.000750   301.675446   -53.017493   257232.426   646.407684
     0.015000     0.000750   460.034675   -68.667782   279737.281   615.181586
     0.016000     0.000750   577.860996   -70.710784   309329.370   583.533411
     0.017000     0.000750   640.261839   -60.898494   341564.201   554.700245
     0.018000     0.000750   669.490009   -44.661915   374282.958   536.903050
     0.019000     0.000750   684.119636   -30.019497   401456.152   530.761711
     0.020000     0.000750   691.353374   -21.221681   420950.675   527.842853
     0.021000     0.000750   695.874177   -15.148661   434771.295   526.311032
     0.022000     0.000750   698.579186   -11.009498   443886.472   525.509090
     0.023000     0.000750   700.256590    -7.704375   450952.821   525.273930
     0.024000     0.000750   700.769203    -5.232596   455185.355   525.517843
     0.025000     0.000750   700.816307    -3.680506   458727.616   526.068576
     0.026000     0.000750   700.469423    -2.114730   460604.679   526.877906
     0.027000     0.000750   699.295233    -1.195883   462199.918   527.895657
     0.028000     0.000750   698.022096    -0.273855   463154.874   529.028143
     0.029000     0.000750   696.736712    -0.090640   463662.807   530.177058
     0.030000     0.000750   695.451327     0.092575   464170.740   531.325974
     0.000000     0.000895   995.204709     0.000000   100944.360   293.000000
     0.001000     0.000895   992.611463     6.816624   103976.349   295.482257
     0.002000     0.000895   986.419794    22.174254   111137.855   301.207316
     0.003000     0.000895   976.250386    45.595261   123041.282   310.210850
     0.004000     0.000895   964.308125    72.112828   137980.201   320.926340
     0.005000     0.000895   944.749372   103.466637   159733.195   337.949568
     0.006000     0.000895   889.055203   137.000062   186580.788   370.706549
     0.007000     0.000895   779.084748   146.777033   211890.299   438.292331
     0.008000     0.000895   578.183559   118.977828   226739.866   543.084555
     0.009000     0.000895   314.628471    70.783623   235406.742   634.277985
     0.010000     0.000895   129.184464    42.748102   227340.808   671.367254
     0.011000     0.000895    83.778871    17.827162   226187.879   676.940703
     0.012000     0.000895   144.954779   -16.881937   230905.975   672.919620
     0.013000     0.000895   293.857653   -55.845919   240421.084   644.408625
     0.014000     0.000895   467.525840   -81.505657   255677.920   603.151362
     0.015000     0.000895   610.928474   -92.498969   277508.793   560.107095
     0.016000     0.000895   688.083525   -87.371179   305850.080   521.015612
     0.017000     0.000895   725.785724   -72.793642   336054.980   498.496537
     0.018000     0.000895   743.102453   -53.343024   367802.209   490.594403
     0.019000     0.000895   750.074781   -35.778769   397099.264   490.300118
     0.020000     0.000895   751.981026   -24.736627   418095.666   491.037682
     0.021000     0.000895   752.970954   -17.365334   432827.132   491.869577
     0.022000     0.000895   753.332017   -12.442356   442479.779   492.511766
     0.023000     0.000895   753.453897    -8.596654   449877.627   493.224461
     0.024000     0.000895   753.092075    -5.730069   454424.886   493.908890
     0.025000     0.000895   752.680669    -3.936940   458143.750   494.654435
     0.026000     0.000895   752.152705    -2.141008   460134.335   495.376742
     0.027000     0.000895   751.300849    -1.141965   461857.523   496.191225
     0.028000     0.000895   750.346793    -0.098560   462872.603   496.994558
     0.029000     0.000895   749.423741     0.167493   463599.050   497.811822
     0.030000     0.000895   748.500689     0.433546   464325.497   498.629087
     0.000000     0.001053   995.204709     0.000000   100944.360   293.000000
     0.001000     0.001053   993.495932     4.526814   102948.602   294.653828
     0.002000     0.001053   989.146133    15.600909   108016.056   298.754441
     0.003000     0.001053   980.332612    36.395654   118208.643   306.629127
     0.004000     0.001053   968.229767    62.839928   132593.487   316.961772
     0.005000     0.001053   953.234430    95.145169   152873.565   331.017882
     0.006000     0.001053   920.245121   131.421685   180493.453   353.637482
     0.007000     0.001053   856.191625   154.661814   205179.269   391.630528
     0.008000     0.001053   738.174446   149.584921   224374.101   465.904786
     0.009000     0.001053   529.201646   114.773682   234900.859   567.826512
     0.010000     0.001053   304.596909    66.571675   228797.102   637.322780
     0.011000     0.001053   232.634931    20.402486   228018.312   658.907426
     0.012000     0.001053   302.907776   -31.879300   232540.347   643.898007
     0.013000     0.001053   463.457826   -86.508107   240006.425   598.474978
     0.014000     0.001053   621.461456  -111.105496   253414.560   545.897758
     0.015000     0.001053   718.569524  -112.803275   274049.126   497.555874
     0.016000     0.001053   763.096026  -102.454798   299941.388   470.104019
     0.017000     0.001053   784.703648   -84.423618   328077.519   460.064598
     0.018000     0.001053   792.444772   -62.860074   359063.480   459.353244
     0.019000     0.001053   793.177103   -42.384660   390732.183   463.845611
     0.020000     0.001053   790.722527   -28.698812   413933.806   467.727524
     0.021000     0.001053   788.758740   -19.833520   430080.681   470.554498
     0.022000     0.001053   787.232295   -14.041631   440549.241   472.408553
     0.023000     0.001053   786.121202    -9.637452   448440.988   473.892533
     0.024000     0.001053   785.009252    -6.358848   453407.215   474.978910
     0.025000     0.001053   784.256995    -4.302822   457360.879   475.905539
     0.026000     0.001053   783.482893    -2.296559   459528.367   476.595784
     0.027000     0.001053   782.847385    -1.199014   461424.579   477.292196
     0.028000     0.001053   782.066548    -0.047165   462559.423   477.871897
     0.029000     0.001053   781.383645     0.239548   463438.710   478.435716
     0.030000     0.001053   780.700743     0.526262   464317.996   478.999536
     0.000000     0.001224   995.204709     0.000000   100944.360   293.000000
     0.001000     0.001224   994.116527     2.897855   102223.416   294.061082
     0.002000     0.001224   991.209991    10.433983   105623.629   296.841378
     0.003000     0.001224   984.350180    27.210229   113592.329   303.125288
     0.004000     0.001224   973.129396    52.324716   126664.001   312.778026
     0.005000     0.001224   957.892406    84.310831   145494.646   325.636644
     0.006000     0.001224   938.706880   122.103397   173088.869   344.420853
     0.007000     0.001224   895.966031   153.514324   199568.329   368.980653
     0.008000     0.001224   828.149121   164.903261   219309.339   409.807434
     0.009000     0.001224   705.980915   148.563043   234848.372   487.597406
     0.010000     0.001224   520.873912    97.152717   234392.282   577.040135
     0.011000     0.001224   419.084523    28.116444   234137.721   613.791433
     0.012000     0.001224   490.076276   -49.030481   237088.288   591.008627
     0.013000     0.001224   621.359901  -120.700387   238610.833   537.788709
     0.014000     0.001224   733.693672  -135.735692   249828.543   482.498791
     0.015000     0.001224   788.983475  -130.323497   268623.237   449.392972
     0.016000     0.001224   812.721106  -116.365025   291657.555   436.573286
     0.017000     0.001224   823.642157   -96.477323   317778.273   434.739985
     0.018000     0.001224   824.053375   -73.481087   348095.856   439.055353
     0.019000     0.001224   820.116059   -50.251324   381851.535   447.154063
     0.020000     0.001224   814.012208   -33.411670   408117.424   453.761778
     0.021000     0.001224   809.531123   -22.721235   426338.040   458.321825
     0.022000     0.001224   806.571748   -15.899790   438005.910   461.190712
     0.023000     0.001224   804.414747   -10.819732   446509.669   463.298081
     0.024000     0.001224   802.807081    -7.120440   452071.389   464.744877
     0.025000     0.001224   801.595970    -4.783131   456356.097   465.882517
     0.026000     0.001224   800.768911    -2.571596   458775.117   466.608666
     0.027000     0.001224   800.012420    -1.363535   460883.890   467.282546
     0.028000     0.001224   799.407725    -0.111207   462192.256   467.773089
     0.029000     0.001224   798.828279     0.205533   463273.360   468.225969
     0.030000     0.001224   798.248833     0.522272   464354.465   468.678848
     0.000000     0.001409   995.204709     0.000000   100944.360   293.000000
     0.001000     0.001409   994.536395     1.785491   101731.008   293.655082
     0.002000     0.001409   992.689011     6.637851   103898.894   295.442669
     0.003000     0.001409   987.835747    18.834848   109546.995   299.981968
     0.004000     0.001409   978.311048    41.002508   120604.213   308.402396
     0.005000     0.001409   963.771164    71.600171   137773.725   320.443678
     0.006000     0.001409   944.615813   110.398915   163310.397   337.119184
     0.007000     0.001409   918.387135   145.948680   193574.501   357.710130
     0.008000     0.001409   876.298409   169.964577   213271.926   381.246012
     0.009000     0.001409   805.836599   165.219160   233918.725   426.995585
     0.010000     0.001409   704.209555   122.804950   242802.072   499.906318
     0.011000     0.001409   617.346413    39.660260   247686.561   546.785263
     0.012000     0.001409   659.180992   -60.851986   252880.314   526.523014
     0.013000     0.001409   737.891351  -132.665245   247742.799   477.533598
     0.014000     0.001409   805.271918  -154.684590   245814.069   434.526185
     0.015000     0.001409   833.088289  -146.011194   260832.391   418.277310
     0.016000     0.001409   844.940192  -130.200999   281114.171   414.699774
     0.017000     0.001409   847.896605  -109.398649   305528.049   418.137192
     0.018000     0.001409   843.918682   -85.433742   335000.822   425.745139
     0.019000     0.001409   836.544494   -59.940663   370018.209   436.306506
     0.020000     0.001409   827.405576   -39.353980   400232.090   445.424412
     0.021000     0.001409   820.798843   -26.293034   421330.960   451.604036
     0.022000     0.001409   816.610459   -18.068948   434592.828   455.371376
     0.023000     0.001409   813.611843   -12.238021   444052.252   458.040907
     0.024000     0.001409   811.514966    -8.063116   450394.485   459.833382
     0.025000     0.001409   809.957333    -5.389409   455100.788   461.176746
     0.026000     0.001409   808.991467    -2.949530   457839.071   461.981640
     0.027000     0.001409   808.128368    -1.630211   460227.628   462.698568
     0.028000     0.001409   807.522536    -0.276431   461755.518   463.184894
     0.029000     0.001409   806.970788     0.079083   463069.795   463.619895
     0.030000     0.001409   806.419040     0.434597   464384.072   464.054896
     0.000000     0.001609   995.204709     0.000000   100944.360   293.000000
     0.001000     0.001609   994.809674     1.056868   101409.775   293.388571
     0.002000     0.001609   993.691200     4.019025   102725.326   294.479994
     0.003000     0.001609   990.504576    12.205350   106447.584   297.514557
     0.004000     0.001609   983.256386    29.740218   114874.525   304.112740
     0.005000     0.001609   970.460819    57.680055   129754.152   314.958125
     0.006000     0.001609   951.343477    95.296380   153089.156   330.485003
     0.007000     0.001609   932.496719   134.535531   184953.059   350.259223
     0.008000     0.001609   900.776264   168.387785   207815.564   367.485360
     0.009000     0.001609   857.457609   167.385250   231394.636   394.572367
     0.010000     0.001609   800.777295   135.368375   251782.267   436.563361
     0.011000     0.001609   747.783399    42.076534   278377.477   486.314272
     0.012000     0.001609   767.217255   -64.477352   278828.358   470.402270
     0.013000     0.001609   808.270626  -131.476177   263051.958   437.478678
     0.014000     0.001609   844.937712  -157.756983   250716.678   409.598606
     0.015000     0.001609   859.618937  -156.993231   254435.975   399.914575
     0.016000     0.001609   864.205662  -144.605346   268906.797   400.301424
     0.017000     0.001609   862.970537  -123.961168   291062.741   406.600247
     0.018000     0.001609   856.702567   -99.223466   319694.792   416.235691
     0.019000     0.001609   846.826929   -71.868097   354604.882   428.178990
     0.020000     0.001609   835.512356   -46.898188   389234.139   439.634245
     0.021000     0.001609   826.808840   -30.733016   414346.878   447.558042
     0.022000     0.001609   821.336004   -20.779489   430124.190   452.357531
     0.023000     0.001609   817.554664   -13.994115   440952.803   455.586715
     0.024000     0.001609   814.938998    -9.221525   448282.486   457.746998
     0.025000     0.001609   813.040899    -6.138314   453541.949   459.287532
     0.026000     0.001609   811.877210    -3.451570   456717.893   460.220336
     0.027000     0.001609   810.873462    -2.000317   459440.358   461.020560
     0.028000     0.001609   810.198465    -0.536727   461242.578   461.557044
     0.029000     0.001609   809.585996    -0.169737   462874.117   462.044929
     0.030000     0.001609   808.973527     0.197254   464505.655   462.532814
     0.000000     0.001827   995.204709     0.000000   100944.360   293.000000
     0.001000     0.001827   994.980353     0.599454   101208.852   293.221174
     0.002000     0.001827   994.334449     2.315459   101969.787   293.855064
     0.003000     0.001827   992.378389     7.410469   104263.095   295.744515
     0.004000     0.001827   987.424364    19.722417   110025.643   300.364643
     0.005000     0.001827   977.149119    43.204911   121973.140   309.404947
     0.006000     0.001827   959.676521    78.010313   142495.208   323.627576
     0.007000     0.001827   938.266694   119.341731   173208.111   342.833833
     0.008000     0.001827   916.125190   160.367886   202310.238   360.519086
     0.009000     0.001827   885.406295   159.099371   233001.064   381.545404
     0.010000     0.001827   846.497400   120.329048   275898.437   413.275193
     0.011000     0.001827   807.103965    31.978033   326504.236   450.104715
     0.012000     0.001827   819.363070   -59.433805   313471.852   439.473855
     0.013000     0.001827   842.279369  -118.360419   285708.492   418.780609
     0.014000     0.001827   863.635165  -151.321128   260901.069   399.620823
     0.015000     0.001827   872.898760  -158.031389   256022.824   392.809849
     0.016000     0.001827   875.072449  -154.445185   260348.495   392.312604
     0.017000     0.001827   872.727385  -139.739099   275285.449   397.767645
     0.018000     0.001827   865.445032  -115.518677   301338.525   407.880940
     0.019000     0.001827   854.188262   -86.752239   335579.233   420.661849
     0.020000     0.001827   841.476828   -57.711800   374466.121   434.229846
     0.021000     0.001827   830.426100   -36.993340   405078.145   444.285533
     0.022000     0.001827   823.440968   -24.386920   424260.203   450.305348
     0.023000     0.001827   818.726909   -16.236819   437002.343   454.195835
     0.024000     0.001827   815.550629   -10.683836   445626.360   456.786350
     0.025000     0.001827   813.344345    -7.082148   451617.011   458.567135
     0.026000     0.001827   811.972556    -4.089908   455354.726   459.673909
     0.027000     0.001827   810.819348    -2.481552   458492.851   460.598526
     0.028000     0.001827   810.030217    -0.897112   460644.881   461.231078
     0.029000     0.001827   809.307721    -0.506266   462626.631   461.812652
     0.030000     0.001827   808.585225    -0.115421   464608.381   462.394227
     0.000000     0.002062   995.204709     0.000000   100944.360   293.000000
     0.001000     0.002062   995.082294     0.324393   101088.737   293.120840
     0.002000     0.002062   994.725733     1.266307   101509.256   293.472034
     0.003000     0.002062   993.594962     4.214473   102839.111   294.575416
     0.004000     0.002062   990.483830    12.045870   106474.096   297.540344
     0.005000     0.002062   983.189561    29.123896   114947.447   304.178844
     0.006000     0.002062   968.599866    59.132751   131984.780   316.554978
     0.007000     0.002062   945.996122    99.094092   160403.148   335.061767
     0.008000     0.002062   921.046615   143.089739   196633.829   356.220804
     0.009000     0.002062   893.367999   135.829958   242429.336   380.367896
     0.010000     0.002062   857.733369    89.674459   312626.674   413.878271
     0.011000     0.002062   826.895724    21.994107   375509.709   441.706966
     0.012000     0.002062   837.130981   -47.151063   350778.785   432.118453
     0.013000     0.002062   853.210426   -98.435573   313675.003   416.278210
     0.014000     0.002062   869.144497  -136.025369   278176.542   400.083125
     0.015000     0.002062   878.330261  -153.538806   261547.631   391.852148
     0.016000     0.002062   879.735587  -154.572850   260692.551   390.844589
     0.017000     0.002062   877.904869  -149.750292   265518.485   392.893537
     0.018000     0.002062   871.882035  -133.349008   282483.145   400.084371
     0.019000     0.002062   861.031482  -105.584343   313320.229   412.383707
     0.020000     0.002062   847.050342   -73.101699   353707.434   427.306826
     0.021000     0.002062   833.303866   -45.741464   391686.657   440.374676
     0.022000     0.002062   824.354365   -29.300091   416093.211   448.331311
     0.023000     0.002062   818.570067   -19.207722   431799.162   453.283266
     0.024000     0.002062   814.721568   -12.574593   442221.454   456.494334
     0.025000     0.002062   812.124817    -8.287282   449209.760   458.627239
     0.026000     0.002062   810.464649    -4.919701   453711.295   459.984551
     0.027000     0.002062   809.117779    -3.103306   457359.866   461.077927
     0.028000     0.002062   808.179748    -1.367666   459931.772   461.839392
     0.029000     0.002062   807.305886    -0.966105   462353.611   462.551255
     0.030000     0.002062   806.432025    -0.564543   464775.451   463.263118
     0.000000     0.002317   995.204709     0.000000   100944.360   293.000000
     0.001000     0.002317   995.140226     0.165801   101020.440   293.063701
     0.002000     0.002317   994.950819     0.651738   101244.001   293.250657
     0.003000     0.002317   994.328200     2.230949   101978.006   293.862206
     0.004000     0.002317   992.500017     6.731729   104124.920   295.633236
     0.005000     0.002317   987.791504    17.625012   109625.124   300.056117
     0.006000     0.002317   976.978194    39.922519   122332.345   309.703958
     0.007000     0.002317   955.912273    73.344901   148191.499   327.401740
     0.008000     0.002317   925.480042   111.078403   193345.920   354.185744
     0.009000     0.002317   890.745709    97.070673   259250.023   386.281310
     0.010000     0.002317   851.965162    52.844883   353023.592   424.345807
     0.011000     0.002317   827.435553    12.619030   413212.939   445.477033
     0.012000     0.002317   837.002253   -32.069672   387046.195   437.190220
     0.013000     0.002317   852.779054   -75.950228   344448.175   422.624369
     0.014000     0.002317   869.336155  -114.910689   301970.927   407.004351
     0.015000     0.002317   879.255385  -141.014363   274136.928   396.017752
     0.016000     0.002317   880.539931  -151.066185   264110.746   391.973453
     0.017000     0.002317   878.565850  -150.616565   264509.635   392.352853
     0.018000     0.002317   874.984639  -144.534730   271088.203   395.475743
     0.019000     0.002317   867.193160  -125.762560   290975.637   404.129457
     0.020000     0.002317   853.909629   -94.026240   327359.154   418.688806
     0.021000     0.002317   838.360319   -59.890231   371842.786   435.020843
     0.022000     0.002317   826.416535   -36.815292   404498.211   446.159926
     0.023000     0.002317   818.895717   -23.458453   424764.136   452.734391
     0.024000     0.002317   814.069533   -15.132156   437746.541   456.816550
     0.025000     0.002317   810.913094    -9.879538   446152.704   459.427154
     0.026000     0.002317   808.850154    -5.998530   451676.616   461.110132
     0.027000     0.002317   807.235462    -3.905859   455988.113   462.415035
     0.028000     0.002317   806.074782    -2.009172   459124.071   463.345163
     0.029000     0.002317   805.006575    -1.571706   462038.596   464.202667
     0.030000     0.002317   803.938369    -1.134240   464953.121   465.060171
     0.000000     0.002593   995.204709     0.000000   100944.360   293.000000
     0.001000     0.002593   995.171301     0.078041   100983.777   293.033018
     0.002000     0.002593   995.072539     0.308060   101100.380   293.130623
     0.003000     0.002593   994.738270     1.074364   101494.998   293.460287
     0.004000     0.002593   993.698366     3.353482   102721.528   294.479257
     0.005000     0.002593   990.764864     9.154077   106183.011   297.310677
     0.006000     0.002593   983.226446    21.604652   115179.551   304.387468
     0.007000     0.002593   965.037225    42.233125   138340.418   320.943601
     0.008000     0.002593   928.734600    61.831281   193008.327   354.181956
     0.009000     0.002593   883.909189    44.147432   280313.980   395.307374
     0.010000     0.002593   842.996556    20.100820   382045.638   433.679142
     0.011000     0.002593   823.905088     2.765213   432005.824   449.551790
     0.012000     0.002593   829.666608   -21.108889   414600.244   444.395403
     0.013000     0.002593   842.545654   -53.946002   375388.843   432.132130
     0.014000     0.002593   858.020886   -90.746671   330301.564   416.961364
     0.015000     0.002593   868.981648  -121.815956   293837.259   403.761141
     0.016000     0.002593   873.999027  -140.975084   273455.888   396.132768
     0.017000     0.002593   875.390483  -148.170364   266736.529   393.952231
     0.018000     0.002593   874.331030  -147.264790   268214.426   395.226258
     0.019000     0.002593   870.694333  -139.694583   276374.893   399.342962
     0.020000     0.002593   861.706026  -117.512735   300256.449   409.720607
     0.021000     0.002593   846.265051   -81.941018   342381.030   426.244986
     0.022000     0.002593   830.513652   -48.740578   386434.347   442.061982
     0.023000     0.002593   820.020594   -29.804115   414376.644   451.431610
     0.024000     0.002593   813.573835   -18.734166   431522.477   456.934186
     0.025000     0.002593   809.468155   -12.043640   442129.248   460.274945
     0.026000     0.002593   806.794777    -7.444747   449117.048   462.427139
     0.027000     0.002593   804.809110    -4.955611   454300.842   464.012021
     0.028000     0.002593   803.360192    -2.834690   458138.082   465.159817
     0.029000     0.002593   802.047177    -2.352626   461655.706   466.203610
     0.030000     0.002593   800.734162    -1.870561   465173.330   467.247402
     0.000000     0.002892   995.204709     0.000000   100944.360   293.000000
     0.001000     0.002892   995.185422     0.026791   100967.122   293.019064
     0.002000     0.002892   995.127930     0.105385   101035.030   293.075914
     0.003000     0.002892   994.926206     0.362855   101273.506   293.275298
     0.004000     0.002892   994.254251     1.093869   102069.449   293.938325
     0.005000     0.002892   992.172318     2.745933   104551.397   295.983518
     0.006000     0.002892   986.049620     6.001141   112009.424   301.941330
     0.007000     0.002892   969.012573     4.836156   134017.877   318.102138
     0.008000     0.002892   927.009175    -4.583669   197030.186   357.109055
     0.009000     0.002892   880.746937   -12.977186   289817.619   400.261228
     0.010000     0.002892   838.971031    -8.934835   388600.172   436.773654
     0.011000     0.002892   820.638911    -6.338114   436827.670   451.968548
     0.012000     0.002892   822.112175   -14.192063   432362.851   450.753098
     0.013000     0.002892   831.167325   -34.246902   405079.527   442.707673
     0.014000     0.002892   845.407553   -65.079276   361845.013   429.063692
     0.015000     0.002892   860.211754   -98.794320   319263.145   414.575814
     0.016000     0.002892   868.746113  -124.655684   290360.369   404.188981
     0.017000     0.002892   873.894047  -140.304220   274567.648   398.459613
     0.018000     0.002892   873.250499  -145.451693   270084.993   397.217793
     0.019000     0.002892   871.488907  -143.857383   272038.319   398.686741
     0.020000     0.002892   866.237095  -134.271178   282141.451   403.592377
     0.021000     0.002892   854.850718  -108.077254   310663.032   415.743785
     0.022000     0.002892   837.474007   -70.100023   357158.129   433.725648
     0.023000     0.002892   822.333037   -40.553455   398002.720   448.146145
     0.024000     0.002892   813.151722   -24.337362   422267.784   456.160921
     0.025000     0.002892   807.831437   -15.205860   436526.133   460.705379
     0.026000     0.002892   804.350390    -9.447006   445717.880   463.556524
     0.027000     0.002892   801.890787    -6.359618   452147.288   465.528122
     0.028000     0.002892   800.072722    -3.940476   456946.503   466.967673
     0.029000     0.002892   798.481532    -3.376217   461189.810   468.231722
     0.030000     0.002892   796.890341    -2.811958   465433.116   469.495770
     0.000000     0.003215   995.204709     0.000000   100944.360   293.000000
     0.001000     0.003215   995.188027    -0.009345   100964.057   293.016487
     0.002000     0.003215   995.137749    -0.038982   101023.462   293.066195
     0.003000     0.003215   994.954764    -0.163268   101239.814   293.247063
     0.004000     0.003215   994.302663    -0.710011   102011.937   293.890538
     0.005000     0.003215   992.081580    -3.027704   104649.398   296.066265
     0.006000     0.003215   984.690458   -11.868860   113482.281   303.123748
     0.007000     0.003215   963.123213   -37.326816   139936.926   322.607337
     0.008000     0.003215   920.900062   -77.276898   202131.068   361.066965
     0.009000     0.003215   879.942981   -69.132661   281662.420   398.080885
     0.010000     0.003215   844.482452   -41.798258   368867.956   431.086970
     0.011000     0.003215   821.619613   -16.677414   429231.031   451.182506
     0.012000     0.003215   819.575396   -16.158224   434173.689   452.754676
     0.013000     0.003215   823.419179   -23.344400   422728.191   449.479261
     0.014000     0.003215   833.194527   -42.789440   393002.331   440.551704
     0.015000     0.003215   847.253754   -72.999607   351093.305   427.096605
     0.016000     0.003215   859.551347  -103.341034   314165.175   414.381524
     0.017000     0.003215   865.588372  -125.606768   289770.979   405.632202
     0.018000     0.003215   869.070904  -138.532808   276746.272   401.085619
     0.019000     0.003215   867.534794  -142.217904   273425.566   400.514929
     0.020000     0.003215   865.883846  -140.071979   275792.597   402.360708
     0.021000     0.003215   860.414647  -128.473970   287828.291   408.166554
     0.022000     0.003215   847.379723   -98.222536   321523.012   422.201112
     0.023000     0.003215   829.667001   -60.309072   369585.489   440.297771
     0.024000     0.003215   815.824758   -34.042962   406924.636   453.078605
     0.025000     0.003215   807.949273   -20.310555   428060.449   459.857605
     0.026000     0.003215   803.143693   -12.452462   440917.448   463.842985
     0.027000     0.003215   800.064719    -8.332596   449237.944   466.372351
     0.028000     0.003215   797.773316    -5.434883   455400.490   468.211227
     0.029000     0.003215   795.860429    -4.716747   460554.107   469.739173
     0.030000     0.003215   793.947543    -3.998611   465707.725   471.267119
     0.000000     0.003566   995.204709     0.000000   100944.360   293.000000
     0.001000     0.003566   995.179103    -0.055156   100974.581   293.025301
     0.002000     0.003566   995.101014    -0.224096   101066.765   293.102457
     0.003000     0.003566   994.809828    -0.859075   101410.188   293.389580
     0.004000     0.003566   993.736420    -3.209524   102670.767   294.439581
     0.005000     0.003566   989.940248   -11.327525   107063.999   298.053309
     0.006000     0.003566   977.340735   -35.671148   121257.730   309.292319
     0.007000     0.003566   945.824483   -86.801053   158339.571   335.708162
     0.008000     0.003566   912.050247  -136.837454   205892.038   363.997850
     0.009000     0.003566   883.615923  -122.796727   259377.887   389.677053
     0.010000     0.003566   855.777575   -84.001338   325935.187   416.987329
     0.011000     0.003566   827.753909   -37.782068   402861.556   444.706686
     0.012000     0.003566   818.180899   -20.314522   428833.106   453.155832
     0.013000     0.003566   818.779237   -21.228531   426572.209   452.635642
     0.014000     0.003566   823.336084   -29.619847   412442.689   448.558395
     0.015000     0.003566   832.827091   -49.475405   382848.690   439.555841
     0.016000     0.003566   845.143062   -77.956014   344430.893   427.103212
     0.017000     0.003566   856.065522  -105.188067   311956.805   415.965205
     0.018000     0.003566   860.967426  -124.849309   290676.481   408.555133
     0.019000     0.003566   864.405958  -136.101640   279231.919   404.718944
     0.020000     0.003566   863.152905  -138.761397   276820.517   404.421092
     0.021000     0.003566   861.652732  -136.019742   279466.720   405.999234
     0.022000     0.003566   855.814499  -122.650210   293672.673   412.276093
     0.023000     0.003566   841.545221   -89.785567   331432.865   427.379417
     0.024000     0.003566   824.135909   -52.758014   379722.866   444.983089
     0.025000     0.003566   811.812702   -29.549988   413574.820   456.209849
     0.026000     0.003566   804.565030   -17.381747   433269.121   462.404391
     0.027000     0.003566   800.272453   -11.321563   444976.504   465.956524
     0.028000     0.003566   797.215818    -7.559504   453268.212   468.432629
     0.029000     0.003566   794.895403    -6.530505   459625.092   470.301328
     0.030000     0.003566   792.574987    -5.501506   465981.972   472.170026
     0.000000     0.003946   995.204709     0.000000   100944.360   293.000000
     0.001000     0.003946   995.147528    -0.145286   101011.860   293.056464
     0.002000     0.003946   994.971744    -0.591570   101219.222   293.229862
     0.003000     0.003946   994.313962    -2.249805   101991.658   293.874781
     0.004000     0.003946   991.903967    -8.142151   104776.556   296.187661
     0.005000     0.003946   983.645728   -26.566890   113966.223   303.664515
     0.006000     0.003946   960.205331   -71.480359   139940.156   323.371929
     0.007000     0.003946   922.700991  -129.566579   186891.453   353.990901
     0.008000     0.003946   900.474252  -167.364014   214010.073   368.928557
     0.009000     0.003946   886.298402  -161.987396   238262.400   381.084436
     0.010000     0.003946   869.562312  -133.604141   276606.102   398.728738
     0.011000     0.003946   844.113242   -78.627211   345243.408   426.611936
     0.012000     0.003946   821.162721   -33.952536   406994.455   448.854559
     0.013000     0.003946   815.528384   -23.398186   422440.855   453.964909
     0.014000     0.003946   816.615512   -25.244816   418999.772   453.137417
     0.015000     0.003946   821.364059   -34.476353   404529.276   448.947795
     0.016000     0.003946   830.584012   -54.113874   376284.741   440.254319
     0.017000     0.003946   841.951898   -80.776678   341353.931   428.767405
     0.018000     0.003946   851.765473  -105.422821   312072.128   418.571091
     0.019000     0.003946   857.276848  -123.217389   292513.422   411.449460
     0.020000     0.003946   860.338401  -133.309981   282029.908   407.604450
     0.021000     0.003946   860.338674  -135.003371   280064.776   407.003865
     0.022000     0.003946   858.951776  -132.172006   283413.150   408.500792
     0.023000     0.003946   853.140741  -117.640695   299029.884   415.049583
     0.024000     0.003946   838.419356   -83.402985   339144.107   430.742557
     0.025000     0.003946   821.795806   -47.816306   386798.711   447.737379
     0.026000     0.003946   809.990547   -26.592288   419442.641   458.378953
     0.027000     0.003946   803.414498   -16.373742   437802.538   464.017266
     0.028000     0.003946   799.038093   -10.765519   449860.428   467.620402
     0.029000     0.003946   796.103071    -9.066843   458020.874   470.008413
     0.030000     0.003946   793.168050    -7.368167   466181.319   472.396424
     0.000000     0.004358   995.204709     0.000000   100944.360   293.000000
     0.001000     0.004358   995.061470    -0.377915   101113.279   293.141255
     0.002000     0.004358   994.617115    -1.542911   101635.688   293.577909
     0.003000     0.004358   992.959505    -5.779810   103557.322   295.181187
     0.004000     0.004358   987.048803   -19.745381   110147.719   300.633053
     0.005000     0.004358   969.238814   -56.170340   129371.544   315.809458
     0.006000     0.004358   935.530645  -119.923482   169568.444   343.638772
     0.007000     0.004358   904.441417  -157.854279   209365.950   366.733452
     0.008000     0.004358   891.818425  -177.861175   222554.862   373.858477
     0.009000     0.004358   885.271480  -177.746602   231867.043   378.982425
     0.010000     0.004358   877.835790  -167.465838   246178.583   386.431970
     0.011000     0.004358   862.846081  -132.495554   282641.717   403.493997
     0.012000     0.004358   836.988081   -73.574110   352311.641   432.174818
     0.013000     0.004358   817.968927   -36.141635   404128.791   450.585421
     0.014000     0.004358   814.022030   -27.423363   415752.103   454.436884
     0.015000     0.004358   815.394293   -29.536480   412215.577   453.479814
     0.016000     0.004358   820.168783   -38.409106   398835.670   449.439908
     0.017000     0.004358   829.062503   -56.810281   372838.036   441.160117
     0.018000     0.004358   840.113178   -81.335257   340738.560   430.271630
     0.019000     0.004358   849.468024  -104.122945   313511.223   420.395744
     0.020000     0.004358   855.785881  -120.753269   294976.681   413.309297
     0.021000     0.004358   859.192700  -130.006388   284884.657   409.248131
     0.022000     0.004358   859.601047  -131.612514   283954.948   408.821489
     0.023000     0.004358   858.724075  -128.406516   287139.509   410.005998
     0.024000     0.004358   853.007595  -113.768656   303352.296   416.569976
     0.025000     0.004358   838.140107   -80.079392   344327.082   432.235270
     0.026000     0.004358   821.627993   -45.550859   392278.457   448.992125
     0.027000     0.004358   810.518884   -26.228955   423888.389   459.020567
     0.028000     0.004358   803.531577   -16.192313   443378.069   464.901857
     0.029000     0.004358   799.484847   -12.961743   454827.864   468.229683
     0.030000     0.004358   795.438117    -9.731174   466277.658   471.557509
     0.000000     0.004803   995.204709     0.000000   100944.360   293.000000
     0.001000     0.004803   994.817380    -1.023403   101399.822   293.380610
     0.002000     0.004803   993.602096    -4.171425   102813.706   294.562443
     0.003000     0.004803   989.131054   -14.993879   107823.699   298.745991
     0.004000     0.004803   974.648153   -45.380330   123224.389   311.255355
     0.005000     0.004803   944.083297  -103.336656   159408.800   337.231903
     0.006000     0.004803   910.673188  -156.759179   197516.199   360.822743
     0.007000     0.004803   892.573817  -173.550782   220477.036   373.373956
     0.008000     0.004803   885.301660  -182.196439   227343.952   377.667821
     0.009000     0.004803   882.188786  -183.300896   230937.631   380.383177
     0.010000     0.004803   879.386460  -180.403649   235553.839   383.225733
     0.011000     0.004803   874.286129  -168.156802   247485.154   389.268237
     0.012000     0.004803   859.518373  -130.509050   285017.450   406.596628
     0.013000     0.004803   835.977196   -74.465730   350317.928   433.373042
     0.014000     0.004803   819.297345   -40.103716   396894.518   449.740428
     0.015000     0.004803   815.499615   -32.103384   408978.357   453.580279
     0.016000     0.004803   816.761058   -33.975542   406068.497   452.597529
     0.017000     0.004803   821.199268   -41.422527   394832.349   449.008546
     0.018000     0.004803   829.597356   -57.675626   371891.763   441.477874
     0.019000     0.004803   840.280369   -80.151943   342578.095   431.325598
     0.020000     0.004803   849.416258  -101.651892   316434.075   421.611618
     0.021000     0.004803   856.347151  -117.695745   298402.732   414.479347
     0.022000     0.004803   859.525684  -127.022018   289086.752   410.496979
     0.023000     0.004803   860.870769  -127.827594   287468.086   409.461019
     0.024000     0.004803   859.742450  -125.080460   291071.956   410.467546
     0.025000     0.004803   853.963461  -111.675726   307148.445   416.378862
     0.026000     0.004803   839.277770   -79.770825   347474.803   431.558660
     0.027000     0.004803   823.321346   -47.034840   394699.943   447.736274
     0.028000     0.004803   810.992471   -26.871036   429307.501   458.656675
     0.029000     0.004803   804.752583   -19.719584   447286.345   463.986444
     0.030000     0.004803   798.512695   -12.568132   465265.189   469.316214
     0.000000     0.005286   995.204709     0.000000   100944.360   293.000000
     0.001000     0.005286   994.083655    -2.919385   102249.549   294.089958
     0.002000     0.005286   990.517147   -11.667577   106262.956   297.458442
     0.003000     0.005286   978.259959   -37.779815   119204.220   308.212244
     0.004000     0.005286   948.688895   -92.127755   151314.748   332.279985
     0.005000     0.005286   913.687500  -146.146133   193647.906   359.307585
     0.006000     0.005286   893.707521  -174.251299   215054.284   371.757264
     0.007000     0.005286   884.760033  -182.063483   225535.661   378.015031
     0.008000     0.005286   881.381051  -184.986621   229183.269   380.539533
     0.009000     0.005286   880.365133  -185.716702   230607.023   381.658534
     0.010000     0.005286   879.602785  -184.948602   232116.702   382.568597
     0.011000     0.005286   878.464700  -181.566008   235407.527   384.134878
     0.012000     0.005286   874.469316  -169.246377   246647.570   389.413969
     0.013000     0.005286   861.091150  -133.418431   282128.757   405.554313
     0.014000     0.005286   840.347909   -81.430608   342103.532   430.108295
     0.015000     0.005286   824.164584   -47.353178   388035.919   446.157179
     0.016000     0.005286   820.382038   -37.473887   401796.216   450.504529
     0.017000     0.005286   821.372146   -38.546331   399785.255   449.680566
     0.018000     0.005286   824.623284   -43.748952   391941.423   446.932920
     0.019000     0.005286   831.684495   -56.692759   373524.225   440.693679
     0.020000     0.005286   841.548109   -76.886720   346738.686   431.204656
     0.021000     0.005286   850.770899   -97.929086   321225.789   421.569173
     0.022000     0.005286   857.671086  -113.773015   303122.851   414.238565
     0.023000     0.005286   861.476112  -122.395643   292868.612   409.744966
     0.024000     0.005286   861.669045  -124.710460   292244.789   409.095004
     0.025000     0.005286   860.392631  -122.431767   295674.676   410.019024
     0.026000     0.005286   854.752310  -111.082710   310647.566   415.868269
     0.027000     0.005286   840.792546   -83.116662   348462.573   430.070488
     0.028000     0.005286   823.662828   -50.285526   397993.369   447.250152
     0.029000     0.005286   813.021285   -33.684101   428987.557   456.860604
     0.030000     0.005286   802.379741   -17.082675   459981.746   466.471056
     0.000000     0.005809   995.204709     0.000000   100944.360   293.000000
     0.001000     0.005809   991.684787    -8.698935   104890.362   296.308831
     0.002000     0.005809   980.667669   -32.236874   116381.988   306.045892
     0.003000     0.005809   951.849600   -84.283439   146455.753   329.522757
     0.004000     0.005809   915.373241  -142.178222   188331.198   357.414706
     0.005000     0.005809   892.131857  -169.756806   215357.149   373.308285
     0.006000     0.005809   883.743071  -180.899630   225247.794   379.058700
     0.007000     0.005809   880.857294  -184.985388   228749.991   381.220718
     0.008000     0.005809   880.089682  -186.300468   230093.638   381.967273
     0.009000     0.005809   880.009537  -186.722895   230622.388   382.169116
     0.010000     0.005809   880.243131  -186.573210   231062.763   382.238153
     0.011000     0.005809   880.697189  -185.747039   231829.008   382.346241
     0.012000     0.005809   880.582568  -182.795007   234540.637   383.213588
     0.013000     0.005809   877.609007  -172.123066   244443.629   387.115060
     0.014000     0.005809   866.550603  -141.408634   274588.657   400.623758
     0.015000     0.005809   848.393918   -93.889218   327629.958   422.400283
     0.016000     0.005809   832.164362   -57.042353   375172.217   439.246469
     0.017000     0.005809   826.887982   -43.632575   393189.563   445.063294
     0.018000     0.005809   827.475987   -43.757386   392897.679   444.776272
     0.019000     0.005809   829.531744   -46.865951   388066.511   442.990136
     0.020000     0.005809   834.364610   -55.565967   375515.081   438.681210
     0.021000     0.005809   842.293130   -72.067396   353312.957   431.037454
     0.022000     0.005809   851.142460   -91.810787   328646.658   422.100096
     0.023000     0.005809   857.855742  -108.222811   309471.078   414.774252
     0.024000     0.005809   861.380870  -118.303027   299502.951   410.752428
     0.025000     0.005809   861.614476  -121.520412   297631.399   409.845195
     0.026000     0.005809   859.697943  -120.526942   301545.986   411.181809
     0.027000     0.005809   854.099315  -112.243443   314978.829   416.395229
     0.028000     0.005809   840.889619   -88.269489   349876.647   429.559259
     0.029000     0.005809   826.477788   -61.031979   392311.569   444.149193
     0.030000     0.005809   812.065956   -33.794469   434746.490   458.739127
     0.000000     0.006376   995.204709     0.000000   100944.360   293.000000
     0.001000     0.006376   982.916403   -26.037530   113290.760   303.653719
     0.002000     0.006376   952.360488   -79.163600   143545.906   328.457500
     0.003000     0.006376   913.188056  -138.942419   187277.491   358.647732
     0.004000     0.006376   890.444704  -170.154589   214157.306   374.330041
     0.005000     0.006376   882.386211  -181.001928   225203.476   380.239915
     0.006000     0.006376   880.422931  -184.894464   228967.115   381.995319
     0.007000     0.006376   879.992411  -186.339879   230217.708   382.422314
     0.008000     0.006376   880.493037  -187.041362   230521.424   382.266692
     0.009000     0.006376   881.341167  -187.317960   230627.621   381.812190
     0.010000     0.006376   882.382902  -187.533739   230654.724   381.111435
     0.011000     0.006376   883.496831  -187.493097   230686.860   380.311218
     0.012000     0.006376   884.001638  -186.964046   231388.249   379.791333
     0.013000     0.006376   883.804877  -184.625903   233583.856   380.132503
     0.014000     0.006376   881.321345  -176.272906   241222.404   383.316525
     0.015000     0.006376   872.963184  -152.916223   263539.918   393.612485
     0.016000     0.006376   856.508252  -110.635225   308564.859   412.698532
     0.017000     0.006376   840.613870   -70.245714   357821.669   431.421514
     0.018000     0.006376   832.847975   -52.767401   381321.692   439.331549
     0.019000     0.006376   831.979535   -48.765107   386164.958   440.866709
     0.020000     0.006376   833.058638   -50.233007   383624.491   439.951373
     0.021000     0.006376   835.917730   -55.238646   376296.100   437.527272
     0.022000     0.006376   841.508997   -66.888726   360579.205   432.296308
     0.023000     0.006376   849.466479   -84.146195   338340.931   424.526162
     0.024000     0.006376   855.165353  -102.294186   319354.888   417.558516
     0.025000     0.006376   859.219285  -112.918026   307268.857   412.932116
     0.026000     0.006376   858.567669  -119.720490   306190.708   412.434468
     0.027000     0.006376   856.731739  -120.181854   309930.308   413.753106
     0.028000     0.006376   852.155254  -114.518301   320772.553   417.912519
     0.029000     0.006376   842.743998   -96.954620   346492.706   427.732359
     0.030000     0.006376   833.332742   -79.390940   372212.859   437.552199
     0.000000     0.006990   995.204709     0.000000   100944.360   293.000000
     0.001000     0.006990   952.950605   -71.006441   138744.071   326.730184
     0.002000     0.006990   907.993547  -140.206484   188435.566   362.202541
     0.003000     0.006990   887.568687  -171.123525   215984.179   376.919181
     0.004000     0.006990   882.068636  -182.132463   225872.440   381.501934
     0.005000     0.006990   880.713086  -185.784029   229166.581   382.540804
     0.006000     0.006990   881.309154  -187.065083   230109.711   382.158792
     0.007000     0.006990   882.372594  -187.487726   230482.798   381.329008
     0.008000     0.006990   883.515625  -187.724647   230608.323   380.323733
     0.009000     0.006990   884.472303  -187.906482   230587.760   379.318217
     0.010000     0.006990   885.139883  -188.004827   230630.620   378.625820
     0.011000     0.006990   885.647449  -188.111243   230593.197   378.128296
     0.012000     0.006990   885.895918  -188.037850   230741.052   377.840846
     0.013000     0.006990   885.963183  -187.614180   231176.492   377.840079
     0.014000     0.006990   885.549945  -185.943806   232699.345   378.354620
     0.015000     0.006990   883.682689  -180.281479   237811.589   380.740150
     0.016000     0.006990   878.295126  -165.165442   251842.404   387.390856
     0.017000     0.006990   864.825894  -130.531741   286914.010   403.203083
     0.018000     0.006990   849.545051   -90.439002   332425.227   421.700054
     0.019000     0.006990   838.849959   -65.607571   364158.250   432.955573
     0.020000     0.006990   835.107383   -55.113271   377463.019   437.386173
     0.021000     0.006990   835.491315   -55.201168   377189.231   437.243391
     0.022000     0.006990   836.844035   -57.804362   374039.858   436.123315
     0.023000     0.006990   839.851982   -64.331742   366091.594   433.470332
     0.024000     0.006990   845.091569   -77.423918   350732.482   428.285756
     0.025000     0.006990   850.550742   -95.040245   333380.328   422.167180
     0.026000     0.006990   854.832210  -108.891649   320756.884   417.530417
     0.027000     0.006990   854.990292  -117.911390   316927.579   416.095075
     0.028000     0.006990   853.854539  -118.922457   319079.331   416.911086
     0.029000     0.006990   850.996587  -115.392839   325311.019   419.329719
     0.030000     0.006990   848.138636  -111.863221   331542.706   421.748352
     0.000000     0.007655   995.204709     0.000000   100944.360   293.000000
     0.001000     0.007655   904.440186  -144.649774   190905.165   366.373425
     0.002000     0.007655   886.923318  -177.187205   218546.464   379.242976
     0.003000     0.007655   883.438414  -185.699313   226675.469   381.312729
     0.004000     0.007655   883.311995  -187.922938   229045.156   380.610952
     0.005000     0.007655   884.339226  -188.416628   229806.367   379.389823
     0.006000     0.007655   885.079796  -188.481101   230157.383   378.564998
     0.007000     0.007655   885.628558  -188.448019   230324.308   378.020940
     0.008000     0.007655   886.004401  -188.377351   230462.188   377.691948
     0.009000     0.007655   886.263014  -188.358179   230507.511   377.463631
     0.010000     0.007655   886.423728  -188.327108   230567.525   377.332014
     0.011000     0.007655   886.534654  -188.326220   230581.082   377.237547
     0.012000     0.007655   886.586947  -188.299523   230631.726   377.194848
     0.013000     0.007655   886.602567  -188.208232   230732.715   377.202606
     0.014000     0.007655   886.525319  -187.904123   231021.774   377.308163
     0.015000     0.007655   886.172499  -186.850004   231976.328   377.744175
     0.016000     0.007655   885.031304  -183.558793   234930.838   379.143269
     0.017000     0.007655   881.564005  -173.937055   243719.186   383.371611
     0.018000     0.007655   872.626087  -150.358685   266492.891   394.070798
     0.019000     0.007655   859.497736  -115.815102   303010.210   409.613616
     0.020000     0.007655   847.170494   -82.872862   341824.033   424.666287
     0.021000     0.007655   840.369356   -66.707122   362808.851   431.958983
     0.022000     0.007655   838.165603   -61.360492   370732.080   434.599613
     0.023000     0.007655   838.449903   -62.609563   370932.002   434.661274
     0.024000     0.007655   839.027891   -67.119479   369469.464   434.204037
     0.025000     0.007655   841.064529   -75.889923   363137.372   432.179861
     0.026000     0.007655   844.931756   -88.989194   350716.449   428.079563
     0.027000     0.007655   849.494554  -103.469233   336655.319   423.250095
     0.028000     0.007655   851.365217  -113.435062   327574.577   420.093012
     0.029000     0.007655   850.522753  -114.412446   327020.397   420.037344
     0.030000     0.007655   849.680289  -115.389830   326466.217   419.981677
     0.000000     0.008375   886.483624  -188.310443   230784.043   377.151055
     0.001000     0.008375   886.857138  -189.238897   229915.745   376.714649
     0.002000     0.008375   886.877998  -189.611627   229630.657   376.588173
     0.003000     0.008375   886.843696  -189.587073   229647.525   376.606303
     0.004000     0.008375   886.823148  -189.522051   229686.574   376.634906
     0.005000     0.008375   886.821699  -189.431947   229735.729   376.662830
     0.006000     0.008375   886.829473  -189.326606   229798.956   376.694397
     0.007000     0.008375   886.833805  -189.209447   229881.373   376.732948
     0.008000     0.008375   886.825874  -189.069327   229993.198   376.784882
     0.009000     0.008375   886.812443  -188.920403   230118.040   376.842592
     0.010000     0.008375   886.794949  -188.765406   230250.928   376.903936
     0.011000     0.008375   886.783369  -188.633670   230368.194   376.957920
     0.012000     0.008375   886.775353  -188.557602   230445.445   376.993470
     0.013000     0.008375   886.754215  -188.485559   230520.479   377.028103
     0.014000     0.008375   886.713627  -188.371190   230633.228   377.080753
     0.015000     0.008375   886.627278  -188.132592   230855.811   377.185144
     0.016000     0.008375   886.400717  -187.498249   231432.381   377.456655
     0.017000     0.008375   885.733204  -185.623435   233127.517   378.260284
     0.018000     0.008375   883.766751  -180.186897   238086.500   380.642186
     0.019000     0.008375   879.276327  -167.921441   249574.690   386.143474
     0.020000     0.008375   869.180112  -141.951660   275704.474   398.136025
     0.021000     0.008375   856.969372  -110.509583   310516.857   412.716764
     0.022000     0.008375   847.604748   -85.655172   341724.091   424.450248
     0.023000     0.008375   841.915418   -73.832928   360005.788   431.018337
     0.024000     0.008375   838.858461   -72.106910   368804.457   434.240231
     0.025000     0.008375   836.114287   -73.729456   371484.225   435.405668
     0.026000     0.008375   835.232575   -77.386937   369839.934   435.146684
     0.027000     0.008375   835.450598   -83.596985   363698.972   433.421533
     0.028000     0.008375   837.298812   -92.997008   352471.532   430.003391
     0.029000     0.008375   838.988025  -101.776080   341500.512   426.398855
     0.030000     0.008375   840.677238  -110.555151   330529.492   422.794320
     0.000000     0.009155   886.483624  -188.310443   230784.043   377.151055
     0.001000     0.009155   886.548910  -188.430149   230661.373   377.093316
     0.002000     0.009155   886.643152  -188.603446   230483.860   377.009912
     0.003000     0.009155   886.757441  -188.813922   230268.376   376.908858
     0.004000     0.009155   886.853135  -188.990298   230087.914   376.824284
     0.005000     0.009155   886.910626  -189.096914   229979.077   376.773197
     0.006000     0.009155   886.947762  -189.165510   229909.014   376.740333
     0.007000     0.009155   886.954597  -189.178826   229895.575   376.734046
     0.008000     0.009155   886.949271  -189.169201   229905.429   376.738710
     0.009000     0.009155   886.935964  -189.144882   229930.264   376.750450
     0.010000     0.009155   886.914259  -189.105039   229970.915   376.769660
     0.011000     0.009155   886.879279  -189.040654   230036.642   376.800655
     0.012000     0.009155   886.838022  -188.964624   230114.285   376.837239
     0.013000     0.009155   886.793840  -188.883147   230197.544   376.876427
     0.014000     0.009155   886.758685  -188.818275   230263.737   376.907651
     0.015000     0.009155   886.715754  -188.739154   230344.498   376.945776
     0.016000     0.009155   886.643528  -188.606362   230480.127   377.009878
     0.017000     0.009155   886.476791  -188.300657   230792.635   377.157953
     0.018000     0.009155   886.018836  -187.464023   231649.256   377.566631
     0.019000     0.009155   884.828144  -185.304846   233869.644   378.640648
     0.020000     0.009155   881.759529  -179.837576   239563.571   381.465378
     0.021000     0.009155   874.804535  -167.754211   252587.490   387.974191
     0.022000     0.009155   862.688251  -147.307810   276190.808   399.322749
     0.023000     0.009155   848.870805  -124.471363   305135.149   412.289636
     0.024000     0.009155   836.300077  -104.534508   333013.418   423.631538
     0.025000     0.009155   828.622372   -92.598412   350997.861   430.361750
     0.026000     0.009155   824.100029   -85.726073   361872.842   434.221276
     0.027000     0.009155   823.586594   -84.882958   363201.824   434.673707
     0.028000     0.009155   824.364454   -86.037506   361319.921   434.034437
     0.029000     0.009155   826.140376   -88.711780   357012.813   432.583678
     0.030000     0.009155   827.916297   -91.386053   352705.706   431.132918
     0.000000     0.010000   886.483624  -188.310443   230784.043   377.151055
     0.001000     0.010000   886.548910  -188.430149   230661.373   377.093316
     0.002000     0.010000   886.643152  -188.603446   230483.860   377.009912
     0.003000     0.010000   886.757441  -188.813922   230268.376   376.908858
     0.004000     0.010000   886.853135  -188.990298   230087.914   376.824284
     0.005000     0.010000   886.910626  -189.096914   229979.077   376.773197
     0.006000     0.010000   886.947762  -189.165510   229909.014   376.740333
     0.007000     0.010000   886.954597  -189.178826   229895.575   376.734046
     0.008000     0.010000   886.949271  -189.169201   229905.429   376.738710
     0.009000     0.010000   886.935964  -189.144882   229930.264   376.750450
     0.010000     0.010000   886.914259  -189.105039   229970.915   376.769660
     0.011000     0.010000   886.879279  -189.040654   230036.642   376.800655
     0.012000     0.010000   886.838022  -188.964624   230114.285   376.837239
     0.013000     0.010000   886.793840  -188.883147   230197.544   376.876427
     0.014000     0.010000   886.758685  -188.818275   230263.737   376.907651
     0.015000     0.010000   886.715754  -188.739154   230344.498   376.945776
     0.016000     0.010000   886.643528  -188.606362   230480.127   377.009878
     0.017000     0.010000   886.476791  -188.300657   230792.635   377.157953
     0.018000     0.010000   886.018836  -187.464023   231649.256   377.566631
     0.019000     0.010000   884.828144  -185.304846   233869.644   378.640648
     0.020000     0.010000   881.759529  -179.837576   239563.571   381.465378
     0.021000     0.010000   874.804535  -167.754211   252587.490   387.974191
     0.022000     0.010000   862.688251  -147.307810   276190.808   399.322749
     0.023000     0.010000   848.870805  -124.471363   305135.149   412.289636
     0.024000     0.010000   836.300077  -104.534508   333013.418   423.631538
     0.025000     0.010000   828.622372   -92.598412   350997.861   430.361750
     0.026000     0.010000   824.100029   -85.726073   361872.842   434.221276
     0.027000     0.010000   823.586594   -84.882958   363201.824   434.673707
     0.028000     0.010000   824.364454   -86.037506   361319.921   434.034437
     0.029000     0.010000   826.140376   -88.711780   357012.813   432.583678
     0.030000     0.010000   827.916301   -91.386054   352705.702   431.132915
