     0.00000000     0.00000000
     2.00000000     0.00000000
     4.00000000     0.00000000
     6.00000000     0.00000000
     8.00000000     0.00000000
    10.00000000     0.00000000
    12.00000000     0.00000000
    14.00000000     0.00000000
    16.00000000     0.00000000
    18.00000000     0.00000000
    20.00000000     0.00000000
    22.00000000     0.00000000
    24.00000000     0.00000000
    26.00000000     0.00000000
    28.00000000     0.00000000
    30.00000000     0.00000000
    32.00000000     0.00000000
    34.00000000     0.00000000
    36.00000000     0.00000000
    38.00000000     0.00000000
    40.00000000     0.00000000
    42.00000000     0.00000000
    44.00000000     0.00000000
    46.00000000     0.00000000
    48.00000000     0.00000000
    50.00000000     0.00000000
    52.00000000     0.00000000
    54.00000000     0.00000000
    56.00000000     0.00000000
    58.00000000     0.00000000
    60.00000000     0.00000000
     0.00000000     0.01692215
     2.00000000     0.01692215
     4.00000000     0.01692215
     6.00000000     0.01692215
     8.00000000     0.01692215
    10.00000000     0.01692215
    12.00000000     0.01692215
    14.00000000     0.01692215
    16.00000000     0.01692215
    18.00000000     0.01692215
    20.00000000     0.01692215
    22.00000000     0.01692215
    24.00000000     0.01692215
    26.00000000     0.01692215
    28.00000000     0.01692215
    30.00000000     0.01692215
    32.00000000     0.01692215
    34.00000000     0.01692215
    36.00000000     0.01692215
    38.00000000     0.01692215
    40.00000000     0.01692215
    42.00000000     0.01692215
    44.00000000     0.01692215
    46.00000000     0.01692215
    48.00000000     0.01692215
    50.00000000     0.01692215
    52.00000000     0.01692215
    54.00000000     0.01692215
    56.00000000     0.01692215
    58.00000000     0.01692215
    60.00000000     0.01692215
     0.00000000     0.03722874
     2.00000000     0.03722874
     4.00000000     0.03722874
     6.00000000     0.03722874
     8.00000000     0.03722874
    10.00000000     0.03722874
    12.00000000     0.03722874
    14.00000000     0.03722874
    16.00000000     0.03722874
    18.00000000     0.03722874
    20.00000000     0.03722874
    22.00000000     0.03722874
    24.00000000     0.03722874
    26.00000000     0.03722874
    28.00000000     0.03722874
    30.00000000     0.03722874
    32.00000000     0.03722874
    34.00000000     0.03722874
    36.00000000     0.03722874
    38.00000000     0.03722874
    40.00000000     0.03722874
    42.00000000     0.03722874
    44.00000000     0.03722874
    46.00000000     0.03722874
    48.00000000     0.03722874
    50.00000000     0.03722874
    52.00000000     0.03722874
    54.00000000     0.03722874
    56.00000000     0.03722874
    58.00000000     0.03722874
    60.00000000     0.03722874
     0.00000000     0.06159664
     2.00000000     0.06159664
     4.00000000     0.06159664
     6.00000000     0.06159664
     8.00000000     0.06159664
    10.00000000     0.06159664
    12.00000000     0.06159664
    14.00000000     0.06159664
    16.00000000     0.06159664
    18.00000000     0.06159664
    20.00000000     0.06159664
    22.00000000     0.06159664
    24.00000000     0.06159664
    26.00000000     0.06159664
    28.00000000     0.06159664
    30.00000000     0.06159664
    32.00000000     0.06159664
    34.00000000     0.06159664
    36.00000000     0.06159664
    38.00000000     0.06159664
    40.00000000     0.06159664
    42.00000000     0.06159664
    44.00000000     0.06159664
    46.00000000     0.06159664
    48.00000000     0.06159664
    50.00000000     0.06159664
    52.00000000     0.06159664
    54.00000000     0.06159664
    56.00000000     0.06159664
    58.00000000     0.06159664
    60.00000000     0.06159664
     0.00000000     0.09083812
     2.00000000     0.09083812
     4.00000000     0.09083812
     6.00000000     0.09083812
     8.00000000     0.09083812
    10.00000000     0.09083812
    12.00000000     0.09083812
    14.00000000     0.09083812
    16.00000000     0.09083812
    18.00000000     0.09083812
    20.00000000     0.09083812
    22.00000000     0.09083812
    24.00000000     0.09083812
    26.00000000     0.09083812
    28.00000000     0.09083812
    30.00000000     0.09083812
    32.00000000     0.09083812
    34.00000000     0.09083812
    36.00000000     0.09083812
    38.00000000     0.09083812
    40.00000000     0.09083812
    42.00000000     0.09083812
    44.00000000     0.09083812
    46.00000000     0.09083812
    48.00000000     0.09083812
    50.00000000     0.09083812
    52.00000000     0.09083812
    54.00000000     0.09083812
    56.00000000     0.09083812
    58.00000000     0.09083812
    60.00000000     0.09083812
     0.00000000     0.12592791
     2.00000000     0.12592791
     4.00000000     0.12592791
     6.00000000     0.12592791
     8.00000000     0.12592791
    10.00000000     0.12592791
    12.00000000     0.12592791
    14.00000000     0.12592791
    16.00000000     0.12592791
    18.00000000     0.12592791
    20.00000000     0.12592791
    22.00000000     0.12592791
    24.00000000     0.12592791
    26.00000000     0.12592791
    28.00000000     0.12592791
    30.00000000     0.12592791
    32.00000000     0.12592791
    34.00000000     0.12592791
    36.00000000     0.12592791
    38.00000000     0.12592791
    40.00000000     0.12592791
    42.00000000     0.12592791
    44.00000000     0.12592791
    46.00000000     0.12592791
    48.00000000     0.12592791
    50.00000000     0.12592791
    52.00000000     0.12592791
    54.00000000     0.12592791
    56.00000000     0.12592791
    58.00000000     0.12592791
    60.00000000     0.12592791
     0.00000000     0.16803565
     2.00000000     0.16803565
     4.00000000     0.16803565
     6.00000000     0.16803565
     8.00000000     0.16803565
    10.00000000     0.16803565
    12.00000000     0.16803565
    14.00000000     0.16803565
    16.00000000     0.16803565
    18.00000000     0.16803565
    20.00000000     0.16803565
    22.00000000     0.16803565
    24.00000000     0.16803565
    26.00000000     0.16803565
    28.00000000     0.16803565
    30.00000000     0.16803565
    32.00000000     0.16803565
    34.00000000     0.16803565
    36.00000000     0.16803565
    38.00000000     0.16803565
    40.00000000     0.16803565
    42.00000000     0.16803565
    44.00000000     0.16803565
    46.00000000     0.16803565
    48.00000000     0.16803565
    50.00000000     0.16803565
    52.00000000     0.16803565
    54.00000000     0.16803565
    56.00000000     0.16803565
    58.00000000     0.16803565
    60.00000000     0.16803565
     0.00000000     0.21856494
     2.00000000     0.21856494
     4.00000000     0.21856494
     6.00000000     0.21856494
     8.00000000     0.21856494
    10.00000000     0.21856494
    12.00000000     0.21856494
    14.00000000     0.21856494
    16.00000000     0.21856494
    18.00000000     0.21856494
    20.00000000     0.21856494
    22.00000000     0.21856494
    24.00000000     0.21856494
    26.00000000     0.21856494
    28.00000000     0.21856494
    30.00000000     0.21856494
    32.00000000     0.21856494
    34.00000000     0.21856494
    36.00000000     0.21856494
    38.00000000     0.21856494
    40.00000000     0.21856494
    42.00000000     0.21856494
    44.00000000     0.21856494
    46.00000000     0.21856494
    48.00000000     0.21856494
    50.00000000     0.21856494
    52.00000000     0.21856494
    54.00000000     0.21856494
    56.00000000     0.21856494
    58.00000000     0.21856494
    60.00000000     0.21856494
     0.00000000     0.27920009
     2.00000000     0.27920009
     4.00000000     0.27920009
     6.00000000     0.27920009
     8.00000000     0.27920009
    10.00000000     0.27920009
    12.00000000     0.27920009
    14.00000000     0.27920009
    16.00000000     0.27920009
    18.00000000     0.27920009
    20.00000000     0.27920009
    22.00000000     0.27920009
    24.00000000     0.27920009
    26.00000000     0.27920009
    28.00000000     0.27920009
    30.00000000     0.27920009
    32.00000000     0.27920009
    34.00000000     0.27920009
    36.00000000     0.27920009
    38.00000000     0.27920009
    40.00000000     0.27920009
    42.00000000     0.27920009
    44.00000000     0.27920009
    46.00000000     0.27920009
    48.00000000     0.27920009
    50.00000000     0.27920009
    52.00000000     0.27920009
    54.00000000     0.27920009
    56.00000000     0.27920009
    58.00000000     0.27920009
    60.00000000     0.27920009
     0.00000000     0.35196227
     2.00000000     0.35196227
     4.00000000     0.35196227
     6.00000000     0.35196227
     8.00000000     0.35196227
    10.00000000     0.35196227
    12.00000000     0.35196227
    14.00000000     0.35196227
    16.00000000     0.35196227
    18.00000000     0.35196227
    20.00000000     0.35196227
    22.00000000     0.35196227
    24.00000000     0.35196227
    26.00000000     0.35196227
    28.00000000     0.35196227
    30.00000000     0.35196227
    32.00000000     0.35196227
    34.00000000     0.35196227
    36.00000000     0.35196227
    38.00000000     0.35196227
    40.00000000     0.35196227
    42.00000000     0.35196227
    44.00000000     0.35196227
    46.00000000     0.35196227
    48.00000000     0.35196227
    50.00000000     0.35196227
    52.00000000     0.35196227
    54.00000000     0.35196227
    56.00000000     0.35196227
    58.00000000     0.35196227
    60.00000000     0.35196227
     0.00000000     0.43927690
     2.00000000     0.43927690
     4.00000000     0.43927690
     6.00000000     0.43927690
     8.00000000     0.43927690
    10.00000000     0.43927690
    12.00000000     0.43927690
    14.00000000     0.43927690
    16.00000000     0.43927690
    18.00000000     0.43927690
    20.00000000     0.43927690
    22.00000000     0.43927690
    24.00000000     0.43927690
    26.00000000     0.43927690
    28.00000000     0.43927690
    30.00000000     0.43927690
    32.00000000     0.43927690
    34.00000000     0.43927690
    36.00000000     0.43927690
    38.00000000     0.43927690
    40.00000000     0.43927690
    42.00000000     0.43927690
    44.00000000     0.43927690
    46.00000000     0.43927690
    48.00000000     0.43927690
    50.00000000     0.43927690
    52.00000000     0.43927690
    54.00000000     0.43927690
    56.00000000     0.43927690
    58.00000000     0.43927690
    60.00000000     0.43927690
     0.00000000     0.54405445
     2.00000000     0.54405445
     4.00000000     0.54405445
     6.00000000     0.54405445
     8.00000000     0.54405445
    10.00000000     0.54405445
    12.00000000     0.54405445
    14.00000000     0.54405445
    16.00000000     0.54405445
    18.00000000     0.54405445
    20.00000000     0.54405445
    22.00000000     0.54405445
    24.00000000     0.54405445
    26.00000000     0.54405445
    28.00000000     0.54405445
    30.00000000     0.54405445
    32.00000000     0.54405445
    34.00000000     0.54405445
    36.00000000     0.54405445
    38.00000000     0.54405445
    40.00000000     0.54405445
    42.00000000     0.54405445
    44.00000000     0.54405445
    46.00000000     0.54405445
    48.00000000     0.54405445
    50.00000000     0.54405445
    52.00000000     0.54405445
    54.00000000     0.54405445
    56.00000000     0.54405445
    58.00000000     0.54405445
    60.00000000     0.54405445
     0.00000000     0.66978752
     2.00000000     0.66978752
     4.00000000     0.66978752
     6.00000000     0.66978752
     8.00000000     0.66978752
    10.00000000     0.66978752
    12.00000000     0.66978752
    14.00000000     0.66978752
    16.00000000     0.66978752
    18.00000000     0.66978752
    20.00000000     0.66978752
    22.00000000     0.66978752
    24.00000000     0.66978752
    26.00000000     0.66978752
    28.00000000     0.66978752
    30.00000000     0.66978752
    32.00000000     0.66978752
    34.00000000     0.66978752
    36.00000000     0.66978752
    38.00000000     0.66978752
    40.00000000     0.66978752
    42.00000000     0.66978752
    44.00000000     0.66978752
    46.00000000     0.66978752
    48.00000000     0.66978752
    50.00000000     0.66978752
    52.00000000     0.66978752
    54.00000000     0.66978752
    56.00000000     0.66978752
    58.00000000     0.66978752
    60.00000000     0.66978752
     0.00000000     0.82066721
     2.00000000     0.82066721
     4.00000000     0.82066721
     6.00000000     0.82066721
     8.00000000     0.82066721
    10.00000000     0.82066721
    12.00000000     0.82066721
    14.00000000     0.82066721
    16.00000000     0.82066721
    18.00000000     0.82066721
    20.00000000     0.82066721
    22.00000000     0.82066721
    24.00000000     0.82066721
    26.00000000     0.82066721
    28.00000000     0.82066721
    30.00000000     0.82066721
    32.00000000     0.82066721
    34.00000000     0.82066721
    36.00000000     0.82066721
    38.00000000     0.82066721
    40.00000000     0.82066721
    42.00000000     0.82066721
    44.00000000     0.82066721
    46.00000000     0.82066721
    48.00000000     0.82066721
    50.00000000     0.82066721
    52.00000000     0.82066721
    54.00000000     0.82066721
    56.00000000     0.82066721
    58.00000000     0.82066721
    60.00000000     0.82066721
     0.00000000     1.00172284
     2.00000000     1.00172284
     4.00000000     1.00172284
     6.00000000     1.00172284
     8.00000000     1.00172284
    10.00000000     1.00172284
    12.00000000     1.00172284
    14.00000000     1.00172284
    16.00000000     1.00172284
    18.00000000     1.00172284
    20.00000000     1.00172284
    22.00000000     1.00172284
    24.00000000     1.00172284
    26.00000000     1.00172284
    28.00000000     1.00172284
    30.00000000     1.00172284
    32.00000000     1.00172284
    34.00000000     1.00172284
    36.00000000     1.00172284
    38.00000000     1.00172284
    40.00000000     1.00172284
    42.00000000     1.00172284
    44.00000000     1.00172284
    46.00000000     1.00172284
    48.00000000     1.00172284
    50.00000000     1.00172284
    52.00000000     1.00172284
    54.00000000     1.00172284
    56.00000000     1.00172284
    58.00000000     1.00172284
    60.00000000     1.00172284
     0.00000000     1.21898961
     2.00000000     1.21898961
     4.00000000     1.21898961
     6.00000000     1.21898961
     8.00000000     1.21898961
    10.00000000     1.21898961
    12.00000000     1.21898961
    14.00000000     1.21898961
    16.00000000     1.21898961
    18.00000000     1.21898961
    20.00000000     1.21898961
    22.00000000     1.21898961
    24.00000000     1.21898961
    26.00000000     1.21898961
    28.00000000     1.21898961
    30.00000000     1.21898961
    32.00000000     1.21898961
    34.00000000     1.21898961
    36.00000000     1.21898961
    38.00000000     1.21898961
    40.00000000     1.21898961
    42.00000000     1.21898961
    44.00000000     1.21898961
    46.00000000     1.21898961
    48.00000000     1.21898961
    50.00000000     1.21898961
    52.00000000     1.21898961
    54.00000000     1.21898961
    56.00000000     1.21898961
    58.00000000     1.21898961
    60.00000000     1.21898961
     0.00000000     1.47970974
     2.00000000     1.47970974
     4.00000000     1.47970974
     6.00000000     1.47970974
     8.00000000     1.47970974
    10.00000000     1.47970974
    12.00000000     1.47970974
    14.00000000     1.47970974
    16.00000000     1.47970974
    18.00000000     1.47970974
    20.00000000     1.47970974
    22.00000000     1.47970974
    24.00000000     1.47970974
    26.00000000     1.47970974
    28.00000000     1.47970974
    30.00000000     1.47970974
    32.00000000     1.47970974
    34.00000000     1.47970974
    36.00000000     1.47970974
    38.00000000     1.47970974
    40.00000000     1.47970974
    42.00000000     1.47970974
    44.00000000     1.47970974
    46.00000000     1.47970974
    48.00000000     1.47970974
    50.00000000     1.47970974
    52.00000000     1.47970974
    54.00000000     1.47970974
    56.00000000     1.47970974
    58.00000000     1.47970974
    60.00000000     1.47970974
     0.00000000     1.79257391
     2.00000000     1.79257391
     4.00000000     1.79257391
     6.00000000     1.79257391
     8.00000000     1.79257391
    10.00000000     1.79257391
    12.00000000     1.79257391
    14.00000000     1.79257391
    16.00000000     1.79257391
    18.00000000     1.79257391
    20.00000000     1.79257391
    22.00000000     1.79257391
    24.00000000     1.79257391
    26.00000000     1.79257391
    28.00000000     1.79257391
    30.00000000     1.79257391
    32.00000000     1.79257391
    34.00000000     1.79257391
    36.00000000     1.79257391
    38.00000000     1.79257391
    40.00000000     1.79257391
    42.00000000     1.79257391
    44.00000000     1.79257391
    46.00000000     1.79257391
    48.00000000     1.79257391
    50.00000000     1.79257391
    52.00000000     1.79257391
    54.00000000     1.79257391
    56.00000000     1.79257391
    58.00000000     1.79257391
    60.00000000     1.79257391
     0.00000000     2.16801093
     2.00000000     2.16801093
     4.00000000     2.16801093
     6.00000000     2.16801093
     8.00000000     2.16801093
    10.00000000     2.16801093
    12.00000000     2.16801093
    14.00000000     2.16801093
    16.00000000     2.16801093
    18.00000000     2.16801093
    20.00000000     2.16801093
    22.00000000     2.16801093
    24.00000000     2.16801093
    26.00000000     2.16801093
    28.00000000     2.16801093
    30.00000000     2.16801093
    32.00000000     2.16801093
    34.00000000     2.16801093
    36.00000000     2.16801093
    38.00000000     2.16801093
    40.00000000     2.16801093
    42.00000000     2.16801093
    44.00000000     2.16801093
    46.00000000     2.16801093
    48.00000000     2.16801093
    50.00000000     2.16801093
    52.00000000     2.16801093
    54.00000000     2.16801093
    56.00000000     2.16801093
    58.00000000     2.16801093
    60.00000000     2.16801093
     0.00000000     2.61853538
     2.00000000     2.61853538
     4.00000000     2.61853538
     6.00000000     2.61853538
     8.00000000     2.61853538
    10.00000000     2.61853538
    12.00000000     2.61853538
    14.00000000     2.61853538
    16.00000000     2.61853538
    18.00000000     2.61853538
    20.00000000     2.61853538
    22.00000000     2.61853538
    24.00000000     2.61853538
    26.00000000     2.61853538
    28.00000000     2.61853538
    30.00000000     2.61853538
    32.00000000     2.61853538
    34.00000000     2.61853538
    36.00000000     2.61853538
    38.00000000     2.61853538
    40.00000000     2.61853538
    42.00000000     2.61853538
    44.00000000     2.61853538
    46.00000000     2.61853538
    48.00000000     2.61853538
    50.00000000     2.61853538
    52.00000000     2.61853538
    54.00000000     2.61853538
    56.00000000     2.61853538
    58.00000000     2.61853538
    60.00000000     2.61853538
     0.00000000     3.15916473
     2.00000000     3.15916473
     4.00000000     3.15916473
     6.00000000     3.15916473
     8.00000000     3.15916473
    10.00000000     3.15916473
    12.00000000     3.15916473
    14.00000000     3.15916473
    16.00000000     3.15916473
    18.00000000     3.15916473
    20.00000000     3.15916473
    22.00000000     3.15916473
    24.00000000     3.15916473
    26.00000000     3.15916473
    28.00000000     3.15916473
    30.00000000     3.15916473
    32.00000000     3.15916473
    34.00000000     3.15916473
    36.00000000     3.15916473
    38.00000000     3.15916473
    40.00000000     3.15916473
    42.00000000     3.15916473
    44.00000000     3.15916473
    46.00000000     3.15916473
    48.00000000     3.15916473
    50.00000000     3.15916473
    52.00000000     3.15916473
    54.00000000     3.15916473
    56.00000000     3.15916473
    58.00000000     3.15916473
    60.00000000     3.15916473
     0.00000000     3.80791998
     2.00000000     3.80791998
     4.00000000     3.80791998
     6.00000000     3.80791998
     8.00000000     3.80791998
    10.00000000     3.80791998
    12.00000000     3.80791998
    14.00000000     3.80791998
    16.00000000     3.80791998
    18.00000000     3.80791998
    20.00000000     3.80791998
    22.00000000     3.80791998
    24.00000000     3.80791998
    26.00000000     3.80791998
    28.00000000     3.80791998
    30.00000000     3.80791998
    32.00000000     3.80791998
    34.00000000     3.80791998
    36.00000000     3.80791998
    38.00000000     3.80791998
    40.00000000     3.80791998
    42.00000000     3.80791998
    44.00000000     3.80791998
    46.00000000     3.80791998
    48.00000000     3.80791998
    50.00000000     3.80791998
    52.00000000     3.80791998
    54.00000000     3.80791998
    56.00000000     3.80791998
    58.00000000     3.80791998
    60.00000000     3.80791998
     0.00000000     4.58642631
     2.00000000     4.58642631
     4.00000000     4.58642631
     6.00000000     4.58642631
     8.00000000     4.58642631
    10.00000000     4.58642631
    12.00000000     4.58642631
    14.00000000     4.58642631
    16.00000000     4.58642631
    18.00000000     4.58642631
    20.00000000     4.58642631
    22.00000000     4.58642631
    24.00000000     4.58642631
    26.00000000     4.58642631
    28.00000000     4.58642631
    30.00000000     4.58642631
    32.00000000     4.58642631
    34.00000000     4.58642631
    36.00000000     4.58642631
    38.00000000     4.58642631
    40.00000000     4.58642631
    42.00000000     4.58642631
    44.00000000     4.58642631
    46.00000000     4.58642631
    48.00000000     4.58642631
    50.00000000     4.58642631
    52.00000000     4.58642631
    54.00000000     4.58642631
    56.00000000     4.58642631
    58.00000000     4.58642631
    60.00000000     4.58642631
     0.00000000     5.52063395
     2.00000000     5.52063395
     4.00000000     5.52063395
     6.00000000     5.52063395
     8.00000000     5.52063395
    10.00000000     5.52063395
    12.00000000     5.52063395
    14.00000000     5.52063395
    16.00000000     5.52063395
    18.00000000     5.52063395
    20.00000000     5.52063395
    22.00000000     5.52063395
    24.00000000     5.52063395
    26.00000000     5.52063395
    28.00000000     5.52063395
    30.00000000     5.52063395
    32.00000000     5.52063395
    34.00000000     5.52063395
    36.00000000     5.52063395
    38.00000000     5.52063395
    40.00000000     5.52063395
    42.00000000     5.52063395
    44.00000000     5.52063395
    46.00000000     5.52063395
    48.00000000     5.52063395
    50.00000000     5.52063395
    52.00000000     5.52063395
    54.00000000     5.52063395
    56.00000000     5.52063395
    58.00000000     5.52063395
    60.00000000     5.52063395
     0.00000000     6.64168315
     2.00000000     6.64168315
     4.00000000     6.64168315
     6.00000000     6.64168315
     8.00000000     6.64168315
    10.00000000     6.64168315
    12.00000000     6.64168315
    14.00000000     6.64168315
    16.00000000     6.64168315
    18.00000000     6.64168315
    20.00000000     6.64168315
    22.00000000     6.64168315
    24.00000000     6.64168315
    26.00000000     6.64168315
    28.00000000     6.64168315
    30.00000000     6.64168315
    32.00000000     6.64168315
    34.00000000     6.64168315
    36.00000000     6.64168315
    38.00000000     6.64168315
    40.00000000     6.64168315
    42.00000000     6.64168315
    44.00000000     6.64168315
    46.00000000     6.64168315
    48.00000000     6.64168315
    50.00000000     6.64168315
    52.00000000     6.64168315
    54.00000000     6.64168315
    56.00000000     6.64168315
    58.00000000     6.64168315
    60.00000000     6.64168315
     0.00000000     7.98694225
     2.00000000     7.98694225
     4.00000000     7.98694225
     6.00000000     7.98694225
     8.00000000     7.98694225
    10.00000000     7.98694225
    12.00000000     7.98694225
    14.00000000     7.98694225
    16.00000000     7.98694225
    18.00000000     7.98694225
    20.00000000     7.98694225
    22.00000000     7.98694225
    24.00000000     7.98694225
    26.00000000     7.98694225
    28.00000000     7.98694225
    30.00000000     7.98694225
    32.00000000     7.98694225
    34.00000000     7.98694225
    36.00000000     7.98694225
    38.00000000     7.98694225
    40.00000000     7.98694225
    42.00000000     7.98694225
    44.00000000     7.98694225
    46.00000000     7.98694225
    48.00000000     7.98694225
    50.00000000     7.98694225
    52.00000000     7.98694225
    54.00000000     7.98694225
    56.00000000     7.98694225
    58.00000000     7.98694225
    60.00000000     7.98694225
     0.00000000     9.60125324
     2.00000000     9.60125324
     4.00000000     9.60125324
     6.00000000     9.60125324
     8.00000000     9.60125324
    10.00000000     9.60125324
    12.00000000     9.60125324
    14.00000000     9.60125324
    16.00000000     9.60125324
    18.00000000     9.60125324
    20.00000000     9.60125324
    22.00000000     9.60125324
    24.00000000     9.60125324
    26.00000000     9.60125324
    28.00000000     9.60125324
    30.00000000     9.60125324
    32.00000000     9.60125324
    34.00000000     9.60125324
    36.00000000     9.60125324
    38.00000000     9.60125324
    40.00000000     9.60125324
    42.00000000     9.60125324
    44.00000000     9.60125324
    46.00000000     9.60125324
    48.00000000     9.60125324
    50.00000000     9.60125324
    52.00000000     9.60125324
    54.00000000     9.60125324
    56.00000000     9.60125324
    58.00000000     9.60125324
    60.00000000     9.60125324
     0.00000000    11.53842649
     2.00000000    11.53842649
     4.00000000    11.53842649
     6.00000000    11.53842649
     8.00000000    11.53842649
    10.00000000    11.53842649
    12.00000000    11.53842649
    14.00000000    11.53842649
    16.00000000    11.53842649
    18.00000000    11.53842649
    20.00000000    11.53842649
    22.00000000    11.53842649
    24.00000000    11.53842649
    26.00000000    11.53842649
    28.00000000    11.53842649
    30.00000000    11.53842649
    32.00000000    11.53842649
    34.00000000    11.53842649
    36.00000000    11.53842649
    38.00000000    11.53842649
    40.00000000    11.53842649
    42.00000000    11.53842649
    44.00000000    11.53842649
    46.00000000    11.53842649
    48.00000000    11.53842649
    50.00000000    11.53842649
    52.00000000    11.53842649
    54.00000000    11.53842649
    56.00000000    11.53842649
    58.00000000    11.53842649
    60.00000000    11.53842649
     0.00000000    13.86303450
     2.00000000    13.86303450
     4.00000000    13.86303450
     6.00000000    13.86303450
     8.00000000    13.86303450
    10.00000000    13.86303450
    12.00000000    13.86303450
    14.00000000    13.86303450
    16.00000000    13.86303450
    18.00000000    13.86303450
    20.00000000    13.86303450
    22.00000000    13.86303450
    24.00000000    13.86303450
    26.00000000    13.86303450
    28.00000000    13.86303450
    30.00000000    13.86303450
    32.00000000    13.86303450
    34.00000000    13.86303450
    36.00000000    13.86303450
    38.00000000    13.86303450
    40.00000000    13.86303450
    42.00000000    13.86303450
    44.00000000    13.86303450
    46.00000000    13.86303450
    48.00000000    13.86303450
    50.00000000    13.86303450
    52.00000000    13.86303450
    54.00000000    13.86303450
    56.00000000    13.86303450
    58.00000000    13.86303450
    60.00000000    13.86303450
     0.00000000    16.65256421
     2.00000000    16.65256421
     4.00000000    16.65256421
     6.00000000    16.65256421
     8.00000000    16.65256421
    10.00000000    16.65256421
    12.00000000    16.65256421
    14.00000000    16.65256421
    16.00000000    16.65256421
    18.00000000    16.65256421
    20.00000000    16.65256421
    22.00000000    16.65256421
    24.00000000    16.65256421
    26.00000000    16.65256421
    28.00000000    16.65256421
    30.00000000    16.65256421
    32.00000000    16.65256421
    34.00000000    16.65256421
    36.00000000    16.65256421
    38.00000000    16.65256421
    40.00000000    16.65256421
    42.00000000    16.65256421
    44.00000000    16.65256421
    46.00000000    16.65256421
    48.00000000    16.65256421
    50.00000000    16.65256421
    52.00000000    16.65256421
    54.00000000    16.65256421
    56.00000000    16.65256421
    58.00000000    16.65256421
    60.00000000    16.65256421
     0.00000000    20.00000000
     2.00000000    20.00000000
     4.00000000    20.00000000
     6.00000000    20.00000000
     8.00000000    20.00000000
    10.00000000    20.00000000
    12.00000000    20.00000000
    14.00000000    20.00000000
    16.00000000    20.00000000
    18.00000000    20.00000000
    20.00000000    20.00000000
    22.00000000    20.00000000
    24.00000000    20.00000000
    26.00000000    20.00000000
    28.00000000    20.00000000
    30.00000000    20.00000000
    32.00000000    20.00000000
    34.00000000    20.00000000
    36.00000000    20.00000000
    38.00000000    20.00000000
    40.00000000    20.00000000
    42.00000000    20.00000000
    44.00000000    20.00000000
    46.00000000    20.00000000
    48.00000000    20.00000000
    50.00000000    20.00000000
    52.00000000    20.00000000
    54.00000000    20.00000000
    56.00000000    20.00000000
    58.00000000    20.00000000
    60.00000000    20.00000000
